#Time Flux Flux-Trend Trend
2849.79533245 -0.00575238 -0.00250513 -0.00324725
2849.81576428 -0.00609043 -0.00324934 -0.00284109
2849.83619600 -0.00619613 -0.00374947 -0.00244666
2849.85662763 -0.00615204 -0.00411509 -0.00203694
2849.87705946 -0.00608474 -0.00443061 -0.00165413
2849.89749119 -0.00602239 -0.00474132 -0.00128107
2849.91792291 -0.00584166 -0.00494869 -0.00089298
2849.93835464 -0.00562011 -0.00510547 -0.00051465
2849.95878637 -0.00531492 -0.00516114 -0.00015378
2849.97921809 -0.00500989 -0.00560614 0.00059626
2849.99964982 -0.00466987 -0.00613091 0.00146104
2850.02008154 -0.00415413 -0.00633436 0.00218024
2850.04051337 -0.00409980 -0.00665879 0.00255899
2850.06094499 -0.00368625 -0.00697503 0.00328878
2850.08137672 -0.00328207 -0.00725778 0.00397571
2850.10180854 -0.00264287 -0.00724728 0.00460441
2850.12224017 -0.00182804 -0.00703517 0.00520712
2850.14267189 -0.00100056 -0.00671113 0.00571056
2850.16310372 -0.00013432 -0.00626647 0.00613215
2850.18353534 0.00068024 -0.00582299 0.00650324
2850.22439889 0.00215495 -0.00485458 0.00700953
2850.24483051 0.00291500 -0.00431438 0.00722937
2850.26526223 0.00362172 -0.00361390 0.00723562
2850.28569406 0.00412545 -0.00309993 0.00722538
2850.30612568 0.00450651 -0.00264188 0.00714838
2850.32655740 0.00462082 -0.00239810 0.00701892
2850.34698922 0.00466329 -0.00209308 0.00675637
2850.36742085 0.00455132 -0.00202127 0.00657259
2850.38785267 0.00441765 -0.00191738 0.00633503
2850.40828439 0.00448634 -0.00146180 0.00594815
2850.42871611 0.00444364 -0.00112653 0.00557017
2850.44914783 0.00442372 -0.00070905 0.00513277
2850.46957955 0.00433964 -0.00034765 0.00468729
2850.49001127 0.00419129 -0.00002434 0.00421562
2850.51044299 0.00415640 0.00044546 0.00371094
2850.53087471 0.00405493 0.00057674 0.00347818
2850.55130643 0.00356553 0.00056003 0.00300549
2850.57173825 0.00301905 0.00049737 0.00252168
2850.59216987 0.00230897 0.00024229 0.00206668
2850.61260159 0.00130803 -0.00046055 0.00176858
2850.63303341 0.00044997 -0.00095819 0.00140816
2850.65346503 -0.00042060 -0.00151950 0.00109889
2850.67389685 -0.00115342 -0.00191514 0.00076172
2850.71476018 -0.00165028 -0.00180678 0.00015650
2850.73519200 -0.00144819 -0.00142548 -0.00002271
2850.75562372 -0.00118173 -0.00098012 -0.00020162
2850.77605533 -0.00084542 -0.00041742 -0.00042800
2850.79648715 -0.00101448 -0.00044575 -0.00056872
2850.81691887 -0.00111954 -0.00034273 -0.00077682
2850.83735048 -0.00108023 -0.00015089 -0.00092934
2850.85778230 -0.00119368 -0.00020243 -0.00099125
2850.87821392 -0.00102003 0.00007182 -0.00109186
2850.89864563 -0.00088389 0.00035882 -0.00124270
2850.91907745 -0.00070205 0.00070452 -0.00140657
2850.93950916 -0.00053125 0.00110635 -0.00163761
2850.95994078 -0.00045963 0.00144048 -0.00190012
2850.98037259 -0.00047953 0.00162415 -0.00210368
2851.00080431 -0.00042127 0.00188178 -0.00230304
2851.02123602 0.00007077 0.00244379 -0.00237302
2851.04166774 -0.00004920 0.00253188 -0.00258108
2851.06209945 -0.00008649 0.00268095 -0.00276744
2851.08253117 -0.00012862 0.00281172 -0.00294033
2851.10296288 -0.00012368 0.00296448 -0.00308816
2851.12339459 0.00004835 0.00323451 -0.00318616
2851.14382641 0.00063387 0.00388931 -0.00325543
2851.16425802 0.00130438 0.00445181 -0.00314743
2851.20512154 0.00261828 0.00543154 -0.00281326
2851.22555316 0.00320723 0.00576743 -0.00256020
2851.24598487 0.00380899 0.00608630 -0.00227731
2851.26641668 0.00404790 0.00621531 -0.00216741
2851.28684829 0.00442753 0.00629574 -0.00186821
2851.30728010 0.00516726 0.00666798 -0.00150072
2851.32771181 0.00600061 0.00716979 -0.00116919
2851.34814343 0.00669554 0.00748008 -0.00078455
2851.36857524 0.00652725 0.00721790 -0.00069065
2851.38900695 0.00710799 0.00748664 -0.00037865
2851.40943866 0.00708929 0.00719340 -0.00010411
2851.45030208 0.00623188 0.00580604 0.00042584
2851.47073379 0.00545839 0.00477307 0.00068532
2851.49116550 0.00467571 0.00379490 0.00088081
2851.51159721 0.00420480 0.00320660 0.00099820
2851.53202892 0.00284833 0.00188946 0.00095887
2851.55246062 0.00155741 0.00066609 0.00089131
2851.57289233 0.00021568 -0.00057392 0.00078959
2851.59332394 -0.00121088 -0.00191955 0.00070868
2851.61375575 -0.00174569 -0.00241741 0.00067172
2851.63418746 -0.00255987 -0.00323098 0.00067110
2851.65461926 -0.00335643 -0.00401522 0.00065879
2851.69548258 -0.00497212 -0.00565200 0.00067988
2851.71591439 -0.00573270 -0.00648361 0.00075091
2851.73634599 -0.00618586 -0.00706761 0.00088176
2851.75677770 -0.00648126 -0.00758991 0.00110865
2851.77720951 -0.00661188 -0.00793427 0.00132238
2851.79764111 -0.00666632 -0.00827544 0.00160912
2851.81807282 -0.00645354 -0.00839493 0.00194139
2851.83850462 -0.00621703 -0.00845376 0.00223673
2851.85893623 -0.00574913 -0.00822130 0.00247217
2851.87936794 -0.00517569 -0.00797193 0.00279625
2851.89979974 -0.00442277 -0.00759023 0.00316747
2851.92023135 -0.00327990 -0.00676392 0.00348403
2851.94066305 -0.00200336 -0.00578431 0.00378095
2851.96109486 -0.00080965 -0.00486154 0.00405189
2851.98152656 0.00025247 -0.00404742 0.00429990
2852.00195826 0.00079640 -0.00372703 0.00452343
2852.02238997 0.00146063 -0.00314094 0.00460157
2852.04282167 0.00196431 -0.00258491 0.00454922
2852.06325347 0.00245814 -0.00197667 0.00443481
2852.08368508 0.00269998 -0.00145290 0.00415288
2852.10411678 0.00276702 -0.00100392 0.00377094
2852.12454858 0.00280281 -0.00044154 0.00324434
2852.14498019 0.00266163 0.00016553 0.00249611
2852.18584369 0.00178519 0.00092596 0.00085923
2852.20627529 0.00099890 0.00096419 0.00003471
2852.22670699 0.00018824 0.00093920 -0.00075096
2852.24713880 -0.00079860 0.00081834 -0.00161695
2852.26757040 -0.00202972 0.00042597 -0.00245569
2852.28800210 -0.00335521 -0.00005595 -0.00329926
2852.30843380 -0.00466808 -0.00054893 -0.00411915
2852.32886550 -0.00602441 -0.00109488 -0.00492953
2852.34929730 -0.00636892 -0.00125208 -0.00511684
2852.36972890 -0.00709913 -0.00135791 -0.00574122
2852.39016060 -0.00766304 -0.00138803 -0.00627500
2852.41059240 -0.00818378 -0.00147054 -0.00671324
2852.43102410 -0.00861815 -0.00156672 -0.00705144
2852.45145570 -0.00884697 -0.00153162 -0.00731535
2852.47188750 -0.00900575 -0.00163720 -0.00736854
2852.49231920 -0.00931559 -0.00185847 -0.00745711
2852.51275080 -0.00916240 -0.00185828 -0.00730412
2852.53318260 -0.00882490 -0.00168784 -0.00713706
2852.55361429 -0.00835344 -0.00143651 -0.00691693
2852.57404589 -0.00797352 -0.00127849 -0.00669503
2852.59447769 -0.00748636 -0.00112239 -0.00636397
2852.61490939 -0.00700443 -0.00103660 -0.00596783
2852.63534099 -0.00633800 -0.00075178 -0.00558623
2852.67620448 -0.00472995 0.00006613 -0.00479608
2852.69663628 -0.00375557 0.00062620 -0.00438177
2852.71706787 -0.00278959 0.00124450 -0.00403410
2852.73749957 -0.00179784 0.00187001 -0.00366785
2852.75793137 -0.00084421 0.00253723 -0.00338143
2852.77836296 0.00005201 0.00320118 -0.00314917
2852.79879466 0.00075945 0.00379646 -0.00303701
2852.81922646 0.00133849 0.00438400 -0.00304551
2852.83965805 0.00144961 0.00461318 -0.00316357
2852.86008975 0.00169466 0.00488871 -0.00319405
2852.88052154 0.00206271 0.00532277 -0.00326005
2852.90095324 0.00235551 0.00572520 -0.00336970
2852.92138483 0.00260948 0.00607024 -0.00346077
2852.94181663 0.00278104 0.00637854 -0.00359749
2852.96224832 0.00295392 0.00672726 -0.00377334
2852.98267991 0.00300670 0.00692259 -0.00391589
2853.00311171 0.00312345 0.00723152 -0.00410807
2853.02354340 0.00325158 0.00752346 -0.00427187
2853.04397509 0.00312135 0.00758744 -0.00446609
2853.06440679 0.00304423 0.00761058 -0.00456635
2853.08483838 0.00288208 0.00757244 -0.00469036
2853.10527017 0.00257231 0.00734126 -0.00476895
2853.12570187 0.00230297 0.00708534 -0.00478237
2853.14613346 0.00221171 0.00695214 -0.00474043
2853.16656525 0.00204454 0.00665699 -0.00461244
2853.18699694 0.00176365 0.00623611 -0.00447247
2853.20742854 0.00136673 0.00564586 -0.00427913
2853.22786033 0.00123361 0.00547595 -0.00424233
2853.24829202 0.00024400 0.00437378 -0.00412978
2853.26872371 -0.00064895 0.00345397 -0.00410292
2853.28915540 -0.00153528 0.00259157 -0.00412686
2853.30958709 -0.00247976 0.00171585 -0.00419561
2853.33001878 -0.00335067 0.00094146 -0.00429214
2853.35045047 -0.00422541 0.00011659 -0.00434200
2853.37088216 -0.00518290 -0.00077215 -0.00441075
2853.41174564 -0.00753810 -0.00298131 -0.00455680
2853.43217723 -0.00882158 -0.00426003 -0.00456155
2853.45260902 -0.01011275 -0.00555731 -0.00455544
2853.47304071 -0.01084878 -0.00623671 -0.00461207
2853.49347230 -0.01173043 -0.00717752 -0.00455292
2853.51390409 -0.01234263 -0.00774248 -0.00460015
2853.53433578 -0.01272043 -0.00808176 -0.00463868
2853.55476737 -0.01286915 -0.00808678 -0.00478237
2853.57519916 -0.01255520 -0.00785271 -0.00470249
2853.59563084 -0.01212259 -0.00739465 -0.00472795
2853.61606243 -0.01166636 -0.00701475 -0.00465161
2853.65692591 -0.01078848 -0.00639628 -0.00439220
2853.67735749 -0.01042453 -0.00615275 -0.00427178
2853.69778928 -0.01018424 -0.00603429 -0.00414995
2853.71822097 -0.01000692 -0.00600153 -0.00400539
2853.73865266 -0.00938333 -0.00558109 -0.00380223
2853.75908434 -0.00858481 -0.00490727 -0.00367754
2853.77951603 -0.00780425 -0.00427036 -0.00353389
2853.79994771 -0.00686624 -0.00336102 -0.00350522
2853.82037940 -0.00665756 -0.00319818 -0.00345938
2853.84081109 -0.00623329 -0.00278880 -0.00344449
2853.86124277 -0.00588258 -0.00258520 -0.00329738
2853.88167446 -0.00536857 -0.00217866 -0.00318991
2853.90210614 -0.00473887 -0.00171414 -0.00302473
2853.92253783 -0.00389416 -0.00101423 -0.00287993
2853.94296951 -0.00301653 -0.00039087 -0.00262566
2853.96340120 -0.00281875 -0.00025053 -0.00256822
2853.98383298 -0.00207805 0.00020156 -0.00227961
2854.00426457 -0.00138846 0.00058014 -0.00196860
2854.02469625 -0.00086758 0.00072335 -0.00159093
2854.04512803 -0.00031191 0.00087297 -0.00118489
2854.06555962 0.00019650 0.00100079 -0.00080429
2854.08599130 0.00058675 0.00103504 -0.00044828
2854.10642308 0.00081821 0.00090221 -0.00008400
2854.14728645 0.00137882 0.00080786 0.00057096
2854.16771813 0.00162939 0.00070438 0.00092501
2854.18814971 0.00187063 0.00051821 0.00135242
2854.20858150 0.00207821 0.00035574 0.00172248
2854.22901318 0.00218437 -0.00005356 0.00223794
2854.24944486 0.00232747 -0.00042761 0.00275508
2854.26987654 0.00233039 -0.00096609 0.00329647
2854.29030822 0.00229016 -0.00152258 0.00381274
2854.31073991 0.00266272 -0.00139718 0.00405990
2854.33117159 0.00305877 -0.00147848 0.00453725
2854.35160327 0.00377304 -0.00126092 0.00503396
2854.37203495 0.00490928 -0.00062586 0.00553513
2854.39246663 0.00610160 0.00008467 0.00601692
2854.41289831 0.00732644 0.00077872 0.00654772
2854.43332999 0.00844377 0.00136528 0.00707849
2854.45376167 0.00901556 0.00165021 0.00736535
2854.47419335 0.01000569 0.00200634 0.00799935
2854.49462513 0.01104839 0.00245417 0.00859421
2854.51505671 0.01203948 0.00293116 0.00910832
2854.53548839 0.01300133 0.00353317 0.00946816
2854.55592017 0.01405222 0.00433494 0.00971728
2854.57635175 0.01499494 0.00525223 0.00974272
2854.59678343 0.01575491 0.00604190 0.00971302
2854.63764678 0.01681244 0.00743863 0.00937381
2854.65807846 0.01714216 0.00801568 0.00912648
2854.67851024 0.01716988 0.00834134 0.00882854
2854.69894182 0.01690098 0.00843789 0.00846309
2854.71937349 0.01628332 0.00824996 0.00803336
2854.73980527 0.01548934 0.00793233 0.00755701
2854.76023685 0.01468485 0.00769427 0.00699058
2854.78066853 0.01393862 0.00766588 0.00627274
2854.80110030 0.01343963 0.00747677 0.00596286
2854.82153198 0.01279155 0.00749174 0.00529981
2854.84196366 0.01207761 0.00740863 0.00466898
2854.86239533 0.01126194 0.00717246 0.00408948
2854.88282701 0.01047096 0.00679824 0.00367272
2854.90325868 0.00955898 0.00625539 0.00330359
2854.92369036 0.00864511 0.00555756 0.00308755
2854.94412204 0.00773819 0.00481040 0.00292779
2854.96455381 0.00687587 0.00402916 0.00284671
2854.98498539 0.00621008 0.00346405 0.00274603
2855.00541706 0.00543786 0.00270232 0.00273554
2855.02584884 0.00464387 0.00199177 0.00265210
2855.04628041 0.00374786 0.00112982 0.00261804
2855.06671209 0.00284140 0.00022323 0.00261816
2855.08714386 0.00203977 -0.00058707 0.00262684
2855.10757543 0.00117588 -0.00150895 0.00268483
2855.12800721 0.00032049 -0.00252556 0.00284605
2855.14843888 -0.00062063 -0.00358152 0.00296089
2855.16887046 -0.00150256 -0.00459305 0.00309049
2855.18930223 -0.00184912 -0.00504718 0.00319806
2855.20973380 -0.00252164 -0.00575883 0.00323720
2855.23016548 -0.00317517 -0.00632288 0.00314771
2855.25059725 -0.00372698 -0.00686151 0.00313453
2855.27102882 -0.00422796 -0.00718647 0.00295850
2855.29146049 -0.00474583 -0.00759071 0.00284488
2855.31189227 -0.00510924 -0.00780840 0.00269916
2855.33232394 -0.00563703 -0.00818760 0.00255057
2855.37318728 -0.00634267 -0.00855964 0.00221697
2855.39361895 -0.00644014 -0.00846720 0.00202706
2855.41405053 -0.00645165 -0.00826825 0.00181660
2855.43448230 -0.00657844 -0.00830103 0.00172258
2855.45491397 -0.00599737 -0.00752554 0.00152817
2855.47534574 -0.00559469 -0.00693741 0.00134272
2855.49577731 -0.00498596 -0.00615998 0.00117402
2855.51620898 -0.00440316 -0.00526282 0.00085967
2855.53664075 -0.00432768 -0.00507368 0.00074600
2855.55707232 -0.00388011 -0.00442578 0.00054567
2855.57750399 -0.00326217 -0.00364758 0.00038541
2855.61836733 -0.00230108 -0.00243052 0.00012944
2855.63879900 -0.00196271 -0.00186038 -0.00010233
2855.65923077 -0.00206447 -0.00173449 -0.00032998
2855.67966234 -0.00187097 -0.00135329 -0.00051768
2855.70009401 -0.00153283 -0.00080729 -0.00072554
2855.72052578 -0.00128074 -0.00042690 -0.00085384
2855.74095735 -0.00092596 0.00005673 -0.00098268
2855.76138901 -0.00058363 0.00054503 -0.00112866
2855.78182078 -0.00051060 0.00073278 -0.00124338
2855.80225245 -0.00063219 0.00083914 -0.00147133
2855.82268412 -0.00104992 0.00075857 -0.00180849
2855.84311579 -0.00153098 0.00065222 -0.00218320
2855.86354745 -0.00199706 0.00049453 -0.00249160
2855.88397912 -0.00192216 0.00066523 -0.00258738
2855.90441079 -0.00198913 0.00068633 -0.00267547
2855.92484236 -0.00230845 0.00048856 -0.00279701
2855.94527412 -0.00343521 0.00011120 -0.00354641
2855.96570579 -0.00450015 -0.00009810 -0.00440205
2855.98613746 -0.00558056 -0.00034507 -0.00523549
2856.00656912 -0.00645812 -0.00040870 -0.00604942
2856.02700079 -0.00755291 -0.00063241 -0.00692050
2856.10872735 -0.01227744 -0.00213126 -0.01014618
2856.12915912 -0.01317620 -0.00236892 -0.01080728
2856.14959078 -0.01398787 -0.00263061 -0.01135726
2856.17002255 -0.01394600 -0.00219911 -0.01174689
2856.19045411 -0.01358082 -0.00156499 -0.01201583
2856.21088578 -0.01310968 -0.00093920 -0.01217049
2856.23131754 -0.01239017 -0.00046599 -0.01192418
2856.25174911 -0.01157985 0.00009495 -0.01167480
2856.27218077 -0.01075250 0.00067129 -0.01142378
2856.29261253 -0.00984394 0.00140414 -0.01124808
2856.31304420 -0.00870519 0.00228193 -0.01098713
2856.33347576 -0.00748416 0.00314832 -0.01063248
2856.35390753 -0.00620830 0.00406028 -0.01026859
2856.37433919 -0.00488441 0.00500879 -0.00989320
2856.39477075 -0.00361119 0.00593729 -0.00954848
2856.41520251 -0.00268048 0.00657542 -0.00925590
2856.43563418 -0.00160729 0.00727778 -0.00888507
2856.45606574 -0.00078946 0.00779514 -0.00858460
2856.47649750 -0.00011630 0.00822736 -0.00834366
2856.49692917 0.00046753 0.00872575 -0.00825822
2856.51736093 0.00080964 0.00903834 -0.00822870
2856.53779249 0.00080547 0.00921485 -0.00840938
2856.55822415 0.00073726 0.00937256 -0.00863530
2856.59908747 -0.00002776 0.00920330 -0.00923106
2856.61951914 -0.00085742 0.00873425 -0.00959167
2856.63995090 -0.00191932 0.00792214 -0.00984146
2856.66038246 -0.00328218 0.00680844 -0.01009063
2856.68081412 -0.00466235 0.00564120 -0.01030355
2856.70124578 -0.00610188 0.00440243 -0.01050430
2856.72167744 -0.00760469 0.00309869 -0.01070338
2856.74210910 -0.00914551 0.00169877 -0.01084428
2856.76254076 -0.00973125 0.00099284 -0.01072409
2856.78297242 -0.01081926 0.00002499 -0.01084424
2856.80340408 -0.01164276 -0.00075081 -0.01089195
2856.82383584 -0.01246245 -0.00164870 -0.01081375
2856.84426740 -0.01315679 -0.00259465 -0.01056214
2856.86469916 -0.01387682 -0.00364432 -0.01023251
2856.88513082 -0.01429138 -0.00460138 -0.00968999
2856.90556238 -0.01469612 -0.00560637 -0.00908975
2856.92599414 -0.01487748 -0.00651032 -0.00836716
2856.94642580 -0.01488166 -0.00722131 -0.00766035
2856.96685735 -0.01463415 -0.00772400 -0.00691015
2856.98728911 -0.01407126 -0.00793207 -0.00613919
2857.00772077 -0.01326991 -0.00795613 -0.00531379
2857.02815233 -0.01245828 -0.00789380 -0.00456449
2857.04858409 -0.01148891 -0.00774039 -0.00374852
2857.06901575 -0.01065884 -0.00776090 -0.00289795
2857.08944730 -0.00976125 -0.00762603 -0.00213523
2857.10987906 -0.00900103 -0.00759675 -0.00140428
2857.13031072 -0.00819781 -0.00750575 -0.00069206
2857.15074248 -0.00777174 -0.00756759 -0.00020415
2857.17117403 -0.00653380 -0.00694637 0.00041257
2857.19160569 -0.00542615 -0.00636715 0.00094100
2857.21203745 -0.00432483 -0.00571735 0.00139252
2857.23246900 -0.00346270 -0.00523089 0.00176819
2857.25290066 -0.00269355 -0.00477265 0.00207910
2857.27333241 -0.00198446 -0.00427319 0.00228872
2857.29376407 -0.00139485 -0.00380200 0.00240715
2857.33462738 -0.00047337 -0.00298299 0.00250963
2857.35505904 -0.00020174 -0.00263053 0.00242878
2857.37549059 0.00002466 -0.00223299 0.00225765
2857.39592235 0.00019969 -0.00197520 0.00217490
2857.41635390 0.00061038 -0.00144548 0.00205586
2857.43678556 0.00101355 -0.00064638 0.00165993
2857.45721731 0.00127472 0.00006649 0.00120823
2857.47764887 0.00126131 0.00046735 0.00079395
2857.49808062 0.00087806 0.00041846 0.00045960
2857.51851228 0.00020467 0.00022784 -0.00002318
2857.53894383 -0.00045035 0.00010061 -0.00055096
2857.60023879 -0.00245168 -0.00025104 -0.00220064
2857.62067055 -0.00310335 -0.00031654 -0.00278681
2857.64110220 -0.00378443 -0.00038243 -0.00340200
2857.66153385 -0.00456050 -0.00055004 -0.00401046
2857.68196551 -0.00529802 -0.00068843 -0.00460959
2857.70239716 -0.00599526 -0.00074721 -0.00524805
2857.72282881 -0.00675756 -0.00102730 -0.00573025
2857.74326046 -0.00690376 -0.00094477 -0.00595900
2857.76369212 -0.00710941 -0.00090814 -0.00620127
2857.78412377 -0.00779163 -0.00110342 -0.00668821
2857.80455552 -0.00829577 -0.00109755 -0.00719822
2857.82498707 -0.00871737 -0.00094645 -0.00777092
2857.84541883 -0.00917484 -0.00091617 -0.00825867
2857.86585048 -0.00963219 -0.00093183 -0.00870036
2857.88628203 -0.00995007 -0.00080970 -0.00914037
2857.90671378 -0.01026800 -0.00074785 -0.00952014
2857.92714543 -0.01059539 -0.00067474 -0.00992066
2857.94757698 -0.01089915 -0.00060318 -0.01029596
2857.96800873 -0.01116910 -0.00053098 -0.01063812
2857.98844038 -0.01133774 -0.00045477 -0.01088297
2858.00887194 -0.01110978 0.00004073 -0.01115051
2858.02930369 -0.01054981 0.00083747 -0.01138728
2858.04973534 -0.00996064 0.00166911 -0.01162975
2858.07016689 -0.00936987 0.00254550 -0.01191537
2858.09059864 -0.00914190 0.00295550 -0.01209740
2858.11103029 -0.00871141 0.00351412 -0.01222552
2858.13146204 -0.00813527 0.00412745 -0.01226272
2858.15189359 -0.00756719 0.00465578 -0.01222297
2858.17232524 -0.00700798 0.00504106 -0.01204903
2858.19275689 -0.00635921 0.00548302 -0.01184224
2858.21318853 -0.00562052 0.00602964 -0.01165016
2858.23362018 -0.00493558 0.00643986 -0.01137544
2858.25405183 -0.00443245 0.00689038 -0.01132283
2858.27448348 -0.00383229 0.00741004 -0.01124233
2858.29491513 -0.00312373 0.00806539 -0.01118912
2858.31534678 -0.00237667 0.00871371 -0.01109038
2858.33577843 -0.00166063 0.00936057 -0.01102120
2858.35621007 -0.00130077 0.00960894 -0.01090970
2858.37664182 -0.00146699 0.00929116 -0.01075815
2858.39707337 -0.00105915 0.00863683 -0.00969598
2858.56052665 -0.00102254 0.00022081 -0.00124335
2858.58095820 -0.00197672 -0.00151173 -0.00046499
2858.60138994 -0.00265000 -0.00222462 -0.00042539
2858.62182159 -0.00313906 -0.00271944 -0.00041962
2858.64225323 -0.00367470 -0.00325381 -0.00042089
2858.66268488 -0.00416122 -0.00375874 -0.00040249
2858.68311653 -0.00462214 -0.00425366 -0.00036848
2858.70354817 -0.00504047 -0.00473039 -0.00031008
2858.72397982 -0.00538579 -0.00508307 -0.00030272
2858.74441146 -0.00624207 -0.00618374 -0.00005833
2858.76484321 -0.00698101 -0.00711066 0.00012965
2858.78527485 -0.00742661 -0.00779602 0.00036942
2858.80570640 -0.00770741 -0.00825101 0.00054360
2858.82613804 -0.00784490 -0.00870551 0.00086061
2858.84656979 -0.00774182 -0.00887789 0.00113606
2858.86700133 -0.00746986 -0.00897473 0.00150487
2858.88743308 -0.00701206 -0.00892237 0.00191031
2858.90786462 -0.00639180 -0.00878765 0.00239586
2858.92829627 -0.00536775 -0.00832814 0.00296039
2858.94872801 -0.00416400 -0.00771406 0.00355006
2858.96915955 -0.00295948 -0.00718123 0.00422176
2858.98959120 -0.00143347 -0.00645007 0.00501660
2859.01002294 0.00013272 -0.00565307 0.00578579
2859.03045448 0.00187257 -0.00474114 0.00661370
2859.05088613 0.00367539 -0.00372720 0.00740259
2859.07131787 0.00548229 -0.00278149 0.00826378
2859.09174941 0.00726245 -0.00173551 0.00899796
2859.11218116 0.00829744 -0.00115398 0.00945142
2859.13261280 0.00997871 -0.00018958 0.01016829
2859.15304434 0.01148887 0.00062649 0.01086237
2859.17347608 0.01275922 0.00134529 0.01141393
2859.19390773 0.01385668 0.00186338 0.01199330
2859.21433937 0.01474060 0.00230636 0.01243424
2859.23477101 0.01556587 0.00280234 0.01276353
2859.25520265 0.01615816 0.00323407 0.01292409
2859.29606594 0.01618751 0.00328648 0.01290103
2859.31649758 0.01591172 0.00323192 0.01267980
2859.33692922 0.01522174 0.00298478 0.01223696
2859.35736096 0.01516058 0.00296868 0.01219190
2859.37779250 0.01421232 0.00278625 0.01142607
2859.39822424 0.01302219 0.00241617 0.01060603
2859.41865588 0.01168765 0.00202707 0.00966057
2859.43908742 0.01015535 0.00145488 0.00870047
2859.45951917 0.00923861 0.00117472 0.00806390
2859.47995081 0.00767366 0.00057648 0.00709718
2859.50038235 0.00596627 -0.00009556 0.00606183
2859.54124563 0.00297527 -0.00108850 0.00406377
2859.56167727 0.00166884 -0.00137450 0.00304333
2859.58210901 0.00034278 -0.00178204 0.00212482
2859.60254065 -0.00073923 -0.00204434 0.00130512
2859.62297219 -0.00157154 -0.00217019 0.00059864
2859.64340392 -0.00203206 -0.00197196 -0.00006009
2859.66383546 -0.00234887 -0.00179236 -0.00055651
2859.68426710 -0.00235279 -0.00147247 -0.00088032
2859.70469884 -0.00186501 -0.00113006 -0.00073495
2859.72513048 -0.00166941 -0.00093357 -0.00073584
2859.74556212 -0.00114791 -0.00052241 -0.00062549
2859.76599376 -0.00039943 0.00001688 -0.00041631
2859.78642540 0.00054851 0.00072759 -0.00017908
2859.80685704 0.00163235 0.00146628 0.00016608
2859.82728867 0.00278054 0.00229934 0.00048119
2859.84772031 0.00413383 0.00322199 0.00091183
2859.86815205 0.00551826 0.00415693 0.00136133
2859.88858359 0.00684721 0.00505919 0.00178802
2859.90901523 0.00816277 0.00588797 0.00227480
2859.92944696 0.00946437 0.00673299 0.00273138
2859.94987850 0.01063691 0.00748820 0.00314871
2859.97031014 0.01166655 0.00815841 0.00350814
2859.99074188 0.01254138 0.00872090 0.00382048
2860.01117341 0.01320459 0.00916855 0.00403604
2860.03160515 0.01357364 0.00951508 0.00405856
2860.05203679 0.01372728 0.00968815 0.00403914
2860.07246832 0.01367000 0.00977745 0.00389254
2860.09290006 0.01328631 0.00960771 0.00367860
2860.11333170 0.01266752 0.00928486 0.00338266
2860.13376323 0.01196120 0.00884338 0.00311783
2860.15419497 0.01105027 0.00823754 0.00281274
2860.17462660 0.01015794 0.00760590 0.00255204
2860.19505824 0.00903444 0.00683998 0.00219446
2860.21548988 0.00771468 0.00590274 0.00181194
2860.23592151 0.00625122 0.00489487 0.00135635
2860.25635315 0.00469370 0.00377672 0.00091698
2860.27678478 0.00296291 0.00256899 0.00039392
2860.29721642 0.00122964 0.00130307 -0.00007343
2860.31764805 -0.00038494 0.00010768 -0.00049262
2860.33807969 -0.00135957 -0.00057697 -0.00078259
2860.35851132 -0.00294093 -0.00179637 -0.00114456
2860.37894306 -0.00437195 -0.00299196 -0.00137999
2860.39937459 -0.00572689 -0.00410014 -0.00162675
2860.41980623 -0.00692929 -0.00514418 -0.00178511
2860.44023796 -0.00776183 -0.00581760 -0.00194423
2860.46066950 -0.00821565 -0.00615288 -0.00206277
2860.48110113 -0.00864597 -0.00640574 -0.00224023
2860.52196440 -0.00958791 -0.00701507 -0.00257285
2860.54239603 -0.01011598 -0.00743110 -0.00268488
2860.56282777 -0.01047422 -0.00769989 -0.00277433
2860.58325930 -0.01081778 -0.00796796 -0.00284982
2860.60369103 -0.01113450 -0.00820750 -0.00292700
2860.62412267 -0.01122621 -0.00824610 -0.00298010
2860.64455420 -0.01111945 -0.00805526 -0.00306418
2860.66498593 -0.01097661 -0.00774164 -0.00323497
2860.68541757 -0.01102131 -0.00765313 -0.00336819
2860.70584920 -0.01067369 -0.00711877 -0.00355492
2860.72628083 -0.01012909 -0.00639570 -0.00373340
2860.74671246 -0.00956753 -0.00569280 -0.00387473
2860.76714410 -0.00912956 -0.00498311 -0.00414645
2860.78757573 -0.00876585 -0.00440412 -0.00436173
2860.80800736 -0.00856732 -0.00400226 -0.00456507
2860.82843899 -0.00845997 -0.00370536 -0.00475461
2860.84887072 -0.00833807 -0.00332915 -0.00500892
2860.86930226 -0.00806160 -0.00291852 -0.00514308
2860.88973399 -0.00771384 -0.00228602 -0.00542781
2860.91016562 -0.00734464 -0.00162356 -0.00572107
2860.93059715 -0.00696740 -0.00100169 -0.00596571
2860.95102888 -0.00661581 -0.00039857 -0.00621724
2860.97146051 -0.00632173 0.00012127 -0.00644300
2860.99189205 -0.00611046 0.00059059 -0.00670105
2861.01232378 -0.00613613 0.00080876 -0.00694489
2861.03275531 -0.00599741 0.00119969 -0.00719710
2861.05318694 -0.00617917 0.00125642 -0.00743558
2861.07361867 -0.00666430 0.00108763 -0.00775193
2861.09405020 -0.00714297 0.00098099 -0.00812396
2861.11448183 -0.00754732 0.00084573 -0.00839305
2861.13491356 -0.00807064 0.00068685 -0.00875749
2861.15534509 -0.00877448 0.00028960 -0.00906408
2861.17577672 -0.00939185 0.00005572 -0.00944757
2861.19620845 -0.01008336 -0.00028926 -0.00979411
2861.21664008 -0.01065453 -0.00046504 -0.01018950
2861.23707171 -0.01122158 -0.00069839 -0.01052318
2861.25750334 -0.01182160 -0.00099433 -0.01082727
2861.27793497 -0.01230215 -0.00111288 -0.01118927
2861.29836660 -0.01270482 -0.00120858 -0.01149625
2861.31879823 -0.01296626 -0.00125978 -0.01170649
2861.33922946 -0.01349135 -0.00151423 -0.01197711
2861.35966119 -0.01378816 -0.00163967 -0.01214849
2861.38009282 -0.01403873 -0.00176579 -0.01227293
2861.40052434 -0.01423950 -0.00194366 -0.01229585
2861.42095607 -0.01409294 -0.00190969 -0.01218325
2861.44138770 -0.01382377 -0.00187896 -0.01194481
2861.46181923 -0.01336329 -0.00174079 -0.01162250
2861.50268259 -0.01198336 -0.00128039 -0.01070297
2861.52311422 -0.01094879 -0.00087306 -0.01007573
2861.54354584 -0.00956437 -0.00009814 -0.00946623
2861.56397737 -0.00800023 0.00074973 -0.00874997
2861.58440910 -0.00627662 0.00163774 -0.00791436
2861.60484073 -0.00451433 0.00250674 -0.00702107
2861.62527226 -0.00263886 0.00339259 -0.00603144
2861.64570398 -0.00063446 0.00439600 -0.00503046
2861.66613561 0.00053740 0.00504443 -0.00450703
2861.68656724 0.00259690 0.00603045 -0.00343355
2861.70699886 0.00450934 0.00686262 -0.00235328
2861.72743049 0.00623213 0.00748949 -0.00125736
2861.74786212 0.00786028 0.00817073 -0.00031046
2861.76829375 0.00919804 0.00862643 0.00057161
2861.78872537 0.01038718 0.00914789 0.00123929
2861.80915710 0.01129865 0.00946520 0.00183345
2861.82958873 0.01196707 0.00967756 0.00228951
2861.85002025 0.01276575 0.01005905 0.00270670
2861.87045198 0.01344104 0.01036004 0.00308100
2861.89088360 0.01395729 0.01045659 0.00350070
2861.91131513 0.01333065 0.00973951 0.00359114
2861.93174686 0.01224868 0.00875229 0.00349638
2861.95217848 0.01104828 0.00781528 0.00323300
2861.97261001 0.00955453 0.00681383 0.00274070
2861.99304173 0.00783058 0.00568307 0.00214750
2862.07476824 -0.00009445 0.00081703 -0.00091148
2862.09519996 -0.00255499 -0.00063465 -0.00192033
2862.11563149 -0.00495581 -0.00198550 -0.00297031
2862.13606311 -0.00731446 -0.00342790 -0.00388656
2862.15649484 -0.00958032 -0.00476709 -0.00481322
2862.17692636 -0.01168319 -0.00602221 -0.00566098
2862.19735799 -0.01223097 -0.00635010 -0.00588088
2862.23822123 -0.01326623 -0.00702537 -0.00624086
2862.25865286 -0.01450594 -0.00781442 -0.00669152
2862.27908458 -0.01540456 -0.00829226 -0.00711229
2862.29951611 -0.01616300 -0.00874964 -0.00741336
2862.31994773 -0.01683486 -0.00931640 -0.00751847
2862.34037946 -0.01735309 -0.00976369 -0.00758940
2862.36081098 -0.01753247 -0.00997517 -0.00755729
2862.38124270 -0.01748740 -0.01002527 -0.00746212
2862.40167433 -0.01703607 -0.00977604 -0.00726003
2862.42210585 -0.01650049 -0.00942625 -0.00707424
2862.44253757 -0.01579841 -0.00903298 -0.00676543
2862.46296920 -0.01501182 -0.00866114 -0.00635068
2862.48340072 -0.01402183 -0.00819320 -0.00582863
2862.50383244 -0.01288762 -0.00766045 -0.00522717
2862.52426407 -0.01168442 -0.00710097 -0.00458345
2862.54469559 -0.01031163 -0.00641182 -0.00389981
2862.56512731 -0.00872064 -0.00561028 -0.00311036
2862.58555893 -0.00715175 -0.00478531 -0.00236644
2862.60599066 -0.00538516 -0.00381250 -0.00157266
2862.62642218 -0.00367574 -0.00291540 -0.00076033
2862.64685380 -0.00203841 -0.00205968 0.00002128
2862.66728552 -0.00042624 -0.00118477 0.00075853
2862.68771705 0.00109300 -0.00049509 0.00158808
2862.70814867 0.00247978 0.00008211 0.00239766
2862.72858039 0.00365370 0.00041318 0.00324052
2862.74901191 0.00471817 0.00075381 0.00396436
2862.76944353 0.00545548 0.00076718 0.00468831
2862.78987526 0.00607096 0.00075100 0.00531995
2862.81030688 0.00664273 0.00076094 0.00588179
2862.83073840 0.00702004 0.00063048 0.00638956
2862.85117012 0.00740123 0.00061981 0.00678142
2862.87160174 0.00773486 0.00060636 0.00712851
2862.89203336 0.00799437 0.00059811 0.00739626
2862.91246498 0.00810279 0.00049330 0.00760948
2862.93289651 0.00821415 0.00040145 0.00781270
2862.95332823 0.00808147 0.00015568 0.00792578
2862.97375985 0.00791248 -0.00017681 0.00808929
2862.99419147 0.00771636 -0.00054725 0.00826361
2863.01462309 0.00752838 -0.00092385 0.00845224
2863.03505471 0.00730679 -0.00122009 0.00852689
2863.05548623 0.00647492 -0.00183469 0.00830961
2863.21893929 0.00600563 0.00046828 0.00553735
2863.23937101 0.00552738 0.00036936 0.00515802
2863.25980253 0.00552738 0.00036936 0.00515802
2863.28023415 0.00552738 0.00036936 0.00515802
2863.30066587 0.00984680 0.00157059 0.00827621
2863.46411892 0.03134081 0.00921483 0.02212599
2863.48455044 0.03369146 0.01019232 0.02349914
2863.50498206 0.03356193 0.01045562 0.02310632
2863.52541378 0.03327093 0.01059605 0.02267488
2863.54584529 0.03281112 0.01059509 0.02221603
2863.56627691 0.03225529 0.01054316 0.02171214
2863.58670863 0.03154163 0.01035521 0.02118641
2863.60714015 0.03073660 0.01010549 0.02063111
2863.62757177 0.02976278 0.00964462 0.02011817
2863.64800348 0.02858495 0.00931160 0.01927335
2863.66843500 0.02724693 0.00898620 0.01826073
2863.68886662 0.02563175 0.00847221 0.01715954
2863.70929824 0.02380871 0.00778593 0.01602278
2863.72972985 0.02173497 0.00704631 0.01468866
2863.75016157 0.01936861 0.00602279 0.01334582
2863.77059309 0.01681553 0.00493232 0.01188322
2863.79102471 0.01419549 0.00386271 0.01033278
2863.81145642 0.01141028 0.00272263 0.00868765
2863.83188804 0.00835747 0.00135292 0.00700456
2863.85231956 0.00538714 0.00001579 0.00537135
2863.87275127 0.00235335 -0.00136267 0.00371602
2863.89318289 -0.00054774 -0.00260355 0.00205581
2863.91361441 -0.00338206 -0.00382634 0.00044427
2863.93404612 -0.00610210 -0.00498525 -0.00111685
2863.95447774 -0.00873980 -0.00613231 -0.00260749
2863.97490926 -0.01113143 -0.00696957 -0.00416187
2863.99534097 -0.01337390 -0.00789117 -0.00548272
2864.01577259 -0.01543771 -0.00864627 -0.00679144
2864.03620431 -0.01732067 -0.00936052 -0.00796015
2864.05663582 -0.01888139 -0.00980124 -0.00908015
2864.07706744 -0.02012416 -0.01013264 -0.00999152
2864.09749915 -0.02090498 -0.01003470 -0.01087028
2864.11793067 -0.02155491 -0.00996053 -0.01159439
2864.13836229 -0.02191019 -0.00974507 -0.01216513
2864.15879400 -0.02217790 -0.00961254 -0.01256536
2864.17922552 -0.02204264 -0.00919552 -0.01284712
2864.19965713 -0.02178024 -0.00875621 -0.01302403
2864.22008885 -0.02127389 -0.00821049 -0.01306340
2864.24052036 -0.02064028 -0.00771165 -0.01292863
2864.26095198 -0.02048317 -0.00751116 -0.01297200
2864.28138369 -0.01939065 -0.00667466 -0.01271599
2864.30181531 -0.01826136 -0.00580473 -0.01245663
2864.32224692 -0.01707789 -0.00498610 -0.01209179
2864.34267854 -0.01584767 -0.00403130 -0.01181636
2864.36311015 -0.01469012 -0.00332736 -0.01136276
2864.38354177 -0.01342187 -0.00245355 -0.01096831
2864.40397338 -0.01221449 -0.00171156 -0.01050292
2864.44483661 -0.01010920 -0.00057866 -0.00953054
2864.46526823 -0.00920399 -0.00017935 -0.00902464
2864.48569974 -0.00851349 0.00002995 -0.00854344
2864.50613146 -0.00788377 0.00037352 -0.00825729
2864.52656307 -0.00697129 0.00084154 -0.00781283
2864.54699458 -0.00625550 0.00111219 -0.00736769
2864.56742630 -0.00562987 0.00135546 -0.00698533
2864.58785791 -0.00515786 0.00151493 -0.00667279
2864.60828963 -0.00516731 0.00138297 -0.00655028
2864.62872114 -0.00506004 0.00126180 -0.00632183
2864.64915275 -0.00495983 0.00108498 -0.00604481
2864.69001598 -0.00481366 0.00061417 -0.00542783
2864.71044760 -0.00469683 0.00053289 -0.00522972
2864.73087931 -0.00461775 0.00033333 -0.00495108
2864.75131082 -0.00459420 0.00013419 -0.00472839
2864.77174244 -0.00457890 -0.00005174 -0.00452717
2864.79217415 -0.00443881 -0.00017144 -0.00426737
2864.81260576 -0.00423094 -0.00016774 -0.00406320
2864.83303738 -0.00397320 -0.00015429 -0.00381890
2864.85346899 -0.00376904 -0.00009513 -0.00367392
2864.87390060 -0.00361342 -0.00022090 -0.00339252
2864.89433221 -0.00331311 -0.00018442 -0.00312869
2864.91476383 -0.00285347 -0.00003071 -0.00282276
2864.93519544 -0.00236220 0.00014493 -0.00250713
2864.95562715 -0.00182734 0.00033845 -0.00216579
2864.97605867 -0.00106699 0.00071070 -0.00177769
2864.99649028 -0.00072695 0.00088328 -0.00161023
2865.01692199 0.00017265 0.00142247 -0.00124982
2865.03735350 0.00131094 0.00229583 -0.00098489
2865.05778511 0.00234427 0.00306625 -0.00072198
2865.07821673 0.00325413 0.00378866 -0.00053454
2865.09864834 0.00418368 0.00449994 -0.00031627
2865.11908005 0.00510734 0.00520758 -0.00010024
2865.13951156 0.00592007 0.00582003 0.00010005
2865.18037489 0.00735917 0.00679927 0.00055990
2865.20080640 0.00792071 0.00717556 0.00074515
2865.22123801 0.00833966 0.00742766 0.00091200
2865.24166972 0.00875739 0.00775580 0.00100158
2865.26210123 0.00900514 0.00786140 0.00114374
2865.28253285 0.00926731 0.00810543 0.00116188
2865.30296456 0.00964067 0.00839190 0.00124877
2865.32339607 0.00992992 0.00862128 0.00130864
2865.34382768 0.00992366 0.00854948 0.00137419
2865.36425939 0.00999742 0.00863137 0.00136605
2865.38469100 0.00988513 0.00850453 0.00138060
2865.42555422 0.00975951 0.00821391 0.00154560
2865.44598584 0.00965392 0.00801397 0.00163996
2865.46641745 0.00948294 0.00770845 0.00177449
2865.48684906 0.00929781 0.00745484 0.00184297
2865.50728067 0.00741501 0.00621693 0.00119808
2865.67073355 -0.00904145 -0.00371354 -0.00532791
2865.69116526 -0.01157235 -0.00551494 -0.00605740
2865.71159677 -0.01194699 -0.00595331 -0.00599367
2865.73202838 -0.01237604 -0.00645116 -0.00592488
2865.75246009 -0.01268742 -0.00689863 -0.00578879
2865.77289160 -0.01283212 -0.00707631 -0.00575581
2865.79332321 -0.01304287 -0.00735274 -0.00569014
2865.81375492 -0.01314308 -0.00750467 -0.00563841
2865.83418643 -0.01315501 -0.00753688 -0.00561812
2865.85461804 -0.01341210 -0.00778586 -0.00562624
2865.87504975 -0.01353995 -0.00807126 -0.00546868
2865.89548136 -0.01336104 -0.00807404 -0.00528701
2865.91591297 -0.01305685 -0.00793007 -0.00512678
2865.93634458 -0.01282814 -0.00788758 -0.00494056
2865.95677619 -0.01257106 -0.00784204 -0.00472902
2865.97720780 -0.01254528 -0.00788466 -0.00466062
2865.99763941 -0.01190454 -0.00757838 -0.00432616
2866.01807102 -0.01117188 -0.00705373 -0.00411814
2866.03850273 -0.01021203 -0.00636832 -0.00384371
2866.05893423 -0.00922924 -0.00573559 -0.00349366
2866.07936584 -0.00804064 -0.00491920 -0.00312144
2866.09979755 -0.00685022 -0.00408187 -0.00276836
2866.12022906 -0.00569698 -0.00342393 -0.00227306
2866.16109238 -0.00325795 -0.00181863 -0.00143932
2866.18152389 -0.00216585 -0.00125853 -0.00090733
2866.20195560 -0.00110711 -0.00071975 -0.00038736
2866.22238720 -0.00005829 -0.00020576 0.00014746
2866.24281871 0.00091841 0.00029255 0.00062587
2866.26325042 0.00155774 0.00048849 0.00106926
2866.28368203 0.00225953 0.00080010 0.00145943
2866.30411354 0.00294508 0.00110529 0.00183979
2866.32454525 0.00304884 0.00116929 0.00187955
2866.34497686 0.00342800 0.00140921 0.00201879
2866.36540846 0.00360069 0.00140716 0.00219353
2866.38584007 0.00364244 0.00140997 0.00223247
2866.40627168 0.00357622 0.00134043 0.00223579
2866.42670329 0.00334905 0.00122442 0.00212464
2866.44713490 0.00311037 0.00113196 0.00197841
2866.46756650 0.00307109 0.00113139 0.00193970
2866.48799811 0.00258573 0.00091695 0.00166878
2866.50842972 0.00197825 0.00062880 0.00134945
2866.52886133 0.00136074 0.00046546 0.00089528
2866.54929303 0.00058453 0.00018454 0.00039999
2866.56972454 -0.00013843 0.00005968 -0.00019812
2866.59015615 -0.00088959 -0.00010744 -0.00078214
2866.61058786 -0.00153670 -0.00020077 -0.00133594
2866.65145107 -0.00297574 -0.00042322 -0.00255252
2866.67188268 -0.00371629 -0.00060060 -0.00311568
2866.69231419 -0.00435469 -0.00072518 -0.00362951
2866.71274589 -0.00471292 -0.00074311 -0.00396981
2866.73317750 -0.00482390 -0.00042806 -0.00439584
2866.75360901 -0.00481900 0.00000156 -0.00482056
2866.77404072 -0.00467845 0.00047465 -0.00515310
2866.79447232 -0.00467829 0.00088091 -0.00555920
2866.81490383 -0.00435800 0.00127570 -0.00563371
2866.83533554 -0.00404229 0.00180647 -0.00584876
2866.85576714 -0.00363217 0.00236586 -0.00599803
2866.89663036 -0.00248466 0.00360421 -0.00608888
2866.91706196 -0.00192900 0.00407076 -0.00599976
2866.93749367 -0.00123208 0.00463895 -0.00587102
2866.95792518 -0.00055901 0.00516267 -0.00572168
2866.97835678 0.00019431 0.00568983 -0.00549552
2866.99878849 0.00099171 0.00630480 -0.00531309
2867.01922010 0.00172904 0.00677559 -0.00504656
2867.03965160 0.00245196 0.00725712 -0.00480516
2867.06008331 0.00262233 0.00719598 -0.00457365
2867.08051492 0.00292290 0.00714871 -0.00422581
2867.10094642 0.00327158 0.00707695 -0.00380537
2867.12137813 0.00341785 0.00678380 -0.00336595
2867.14180963 0.00367311 0.00651774 -0.00284462
2867.16224134 0.00381489 0.00613695 -0.00232207
2867.18267295 0.00395424 0.00576584 -0.00181160
2867.20310445 0.00410816 0.00568827 -0.00158011
2867.22353616 0.00404699 0.00517329 -0.00112630
2867.24396776 0.00377720 0.00439165 -0.00061445
2867.26439927 0.00347218 0.00357947 -0.00010729
2867.28483098 0.00305874 0.00270208 0.00035667
2867.30526258 0.00257082 0.00177908 0.00079174
2867.32569409 0.00193717 0.00073935 0.00119782
2867.34612579 0.00120835 -0.00039719 0.00160554
2867.38698910 -0.00044232 -0.00265593 0.00221361
2867.40742061 -0.00140933 -0.00384585 0.00243651
2867.42785222 -0.00218958 -0.00481501 0.00262543
2867.44828392 -0.00266267 -0.00539129 0.00272862
2867.46871543 -0.00336457 -0.00605119 0.00268661
2867.48914703 -0.00421625 -0.00686645 0.00265020
2867.50957874 -0.00513386 -0.00767496 0.00254110
2867.53001034 -0.00604878 -0.00840505 0.00235627
2867.55044185 -0.00629172 -0.00849532 0.00220360
2867.57087355 -0.00690309 -0.00899095 0.00208786
2867.59130516 -0.00743870 -0.00934631 0.00190761
2867.63216837 -0.00839985 -0.00988879 0.00148893
2867.65259997 -0.00879639 -0.01008183 0.00128544
2867.67303168 -0.00890607 -0.00995705 0.00105098
2867.69346318 -0.00895436 -0.00979060 0.00083624
2867.71389479 -0.00874536 -0.00940691 0.00066155
2867.73432639 -0.00821711 -0.00870252 0.00048541
2867.75475800 -0.00736002 -0.00762972 0.00026970
2867.77518960 -0.00654280 -0.00659158 0.00004878
2867.79562131 -0.00592217 -0.00586960 -0.00005257
2867.81605281 -0.00549807 -0.00532946 -0.00016861
2867.83648442 -0.00494917 -0.00464286 -0.00030631
2867.85691602 -0.00441368 -0.00411115 -0.00030253
2867.87734763 -0.00392809 -0.00364334 -0.00028475
2867.89777933 -0.00354907 -0.00327803 -0.00027104
2867.91821083 -0.00322508 -0.00293613 -0.00028895
2867.93864244 -0.00282925 -0.00251322 -0.00031603
2867.95907414 -0.00234676 -0.00207923 -0.00026753
2867.97950565 -0.00184974 -0.00168296 -0.00016677
2867.99993725 -0.00120392 -0.00107977 -0.00012415
2868.02036896 -0.00043679 -0.00040767 -0.00002912
2868.04080056 0.00035379 0.00026384 0.00008995
2868.06123206 0.00088241 0.00069625 0.00018616
2868.08166377 0.00129991 0.00095095 0.00034896
2868.12252698 0.00135941 0.00074803 0.00061139
2868.14295858 0.00121741 0.00043119 0.00078623
2868.16339019 0.00120876 0.00028827 0.00092049
2868.18382179 0.00132515 0.00026940 0.00105575
2868.20425339 0.00138438 0.00040479 0.00097960
2868.22468500 0.00136814 0.00042419 0.00094395
2868.24511670 0.00148213 0.00067523 0.00080691
2868.26554820 0.00152927 0.00093203 0.00059724
2868.28597981 0.00129923 0.00092096 0.00037827
2868.30641151 0.00106053 0.00102943 0.00003110
2868.32684302 0.00085472 0.00128459 -0.00042987
2868.36770632 -0.00007416 0.00122432 -0.00129848
2868.38813783 -0.00072528 0.00110666 -0.00183195
2868.40856953 -0.00126177 0.00107458 -0.00233634
2868.42900113 -0.00190878 0.00101998 -0.00292876
2868.44943264 -0.00256391 0.00084460 -0.00340851
2868.46986434 -0.00307292 0.00082966 -0.00390258
2868.49029594 -0.00345752 0.00087666 -0.00433419
2868.51072755 -0.00367937 0.00110366 -0.00478302
2868.53115915 -0.00359585 0.00127942 -0.00487527
2868.55159065 -0.00359508 0.00159839 -0.00519347
2868.57202226 -0.00331594 0.00218923 -0.00550517
2868.59245396 -0.00296700 0.00268683 -0.00565383
2868.61288556 -0.00254109 0.00314422 -0.00568530
2868.63331717 -0.00200741 0.00359809 -0.00560549
2868.65374877 -0.00110226 0.00428463 -0.00538689
2868.67418037 -0.00083510 0.00451445 -0.00534955
2868.69461208 0.00013405 0.00495053 -0.00481648
2868.71504358 0.00128436 0.00548722 -0.00420286
2868.73547518 0.00243533 0.00589698 -0.00346165
2868.75590689 0.00371053 0.00643644 -0.00272591
2868.77633839 0.00508525 0.00708099 -0.00199573
2868.79676999 0.00646436 0.00765383 -0.00118947
2868.81720170 0.00781591 0.00813055 -0.00031464
2868.85806490 0.01039662 0.00893558 0.00146105
2868.87849650 0.01143148 0.00894811 0.00248337
2868.89892801 0.01227843 0.00883094 0.00344749
2868.91935971 0.01293543 0.00887966 0.00405578
2868.93979131 0.01344402 0.00841695 0.00502707
2868.96022282 0.01389494 0.00794677 0.00594817
2868.98065452 0.01400467 0.00735572 0.00664895
2869.00108612 0.01386713 0.00654315 0.00732398
2869.02151762 0.01324596 0.00585709 0.00738887
2869.04194933 0.01268424 0.00495394 0.00773030
2869.06238093 0.01181346 0.00391356 0.00789990
2869.10324413 0.00965601 0.00157234 0.00808367
2869.12367574 0.00826274 0.00010330 0.00815944
2869.14410734 0.00681165 -0.00125727 0.00806892
2869.16453904 0.00614393 -0.00198107 0.00812500
2869.18497054 0.00535763 -0.00277260 0.00813024
2869.20540215 0.00375069 -0.00404963 0.00780032
2869.22583375 0.00218442 -0.00508387 0.00726829
2869.24626535 0.00084224 -0.00601006 0.00685231
2869.26669705 0.00037883 -0.00612962 0.00650845
2869.28712856 -0.00077086 -0.00677132 0.00600046
2869.30756026 -0.00191157 -0.00733382 0.00542225
2869.36885507 -0.00464748 -0.00854674 0.00389927
2869.38928667 -0.00521078 -0.00864241 0.00343163
2869.40971817 -0.00557559 -0.00864912 0.00307353
2869.43014987 -0.00576827 -0.00851359 0.00274532
2869.45058147 -0.00584392 -0.00822601 0.00238209
2869.47101298 -0.00568335 -0.00775929 0.00207594
2869.49144468 -0.00530658 -0.00715085 0.00184426
2869.51187628 -0.00500498 -0.00674671 0.00174172
2869.53230798 -0.00462185 -0.00637875 0.00175690
2869.55273948 -0.00412946 -0.00577984 0.00165038
2869.57317109 -0.00353200 -0.00517465 0.00164264
2869.59360279 -0.00303851 -0.00462258 0.00158407
2869.61403429 -0.00247361 -0.00419765 0.00172404
2869.63446589 -0.00186657 -0.00366485 0.00179828
2869.65489759 -0.00163893 -0.00344499 0.00180607
2869.67532920 -0.00083631 -0.00282845 0.00199214
2869.69576070 0.00001104 -0.00222880 0.00223984
2869.71619240 0.00095843 -0.00158246 0.00254090
2869.73662400 0.00191646 -0.00093671 0.00285317
2869.75705560 0.00277689 -0.00037430 0.00315119
2869.77748721 0.00359990 0.00010260 0.00349729
2869.79791881 0.00441236 0.00052293 0.00388943
2869.83878201 0.00568150 0.00100215 0.00467936
2869.85921361 0.00632516 0.00119072 0.00513444
2869.87964522 0.00675899 0.00131046 0.00544853
2869.90007682 0.00712671 0.00144100 0.00568571
2869.92050832 0.00768367 0.00170534 0.00597833
2869.94094002 0.00807954 0.00176260 0.00631693
2869.96137162 0.00834924 0.00183703 0.00651220
2869.98180332 0.00846121 0.00170755 0.00675367
2870.00223483 0.00834069 0.00159706 0.00674363
2870.02266643 0.00828073 0.00146333 0.00681740
2870.04309813 0.00827427 0.00138682 0.00688745
2870.08396123 0.00790735 0.00108588 0.00682147
2870.10439293 0.00780410 0.00103660 0.00676750
2870.12482444 0.00769869 0.00107726 0.00662143
2870.14525604 0.00758654 0.00103030 0.00655624
2870.16568774 0.00747815 0.00118400 0.00629415
2870.18611924 0.00753410 0.00157446 0.00595964
2870.20655084 0.00748256 0.00181900 0.00566356
2870.22698254 0.00755362 0.00214701 0.00540661
2870.24741414 0.00760013 0.00233132 0.00526881
2870.26784575 0.00735396 0.00233392 0.00502004
2870.28827735 0.00721997 0.00250133 0.00471863
2870.32914055 0.00718598 0.00302364 0.00416235
2870.34957215 0.00728849 0.00331382 0.00397467
2870.37000375 0.00760525 0.00375555 0.00384969
2870.39043545 0.00794008 0.00416968 0.00377040
2870.41086696 0.00840842 0.00460567 0.00380275
2870.43129856 0.00911220 0.00525074 0.00386147
2870.45173026 0.01000036 0.00599972 0.00400064
2870.47216176 0.01094087 0.00670388 0.00423699
2870.49259346 0.01151170 0.00700384 0.00450786
2870.51302496 0.01231784 0.00741010 0.00490774
2870.53345656 0.01309890 0.00783380 0.00526510
2870.55388826 0.01386629 0.00814134 0.00572494
2870.57431977 0.01455597 0.00837911 0.00617686
2870.59475137 0.01514788 0.00845927 0.00668861
2870.61518307 0.01576257 0.00857922 0.00718335
2870.63561457 0.01637014 0.00891727 0.00745287
2870.65604617 0.01693080 0.00888125 0.00804955
2870.67647787 0.01738771 0.00873805 0.00864966
2870.69690937 0.01763157 0.00851278 0.00911878
2870.71734108 0.01762046 0.00804869 0.00957177
2870.73777268 0.01730280 0.00743221 0.00987059
2870.75820428 0.01671236 0.00664607 0.01006630
2870.77863588 0.01594522 0.00592168 0.01002354
2870.81949908 0.01322605 0.00361785 0.00960820
2870.83993068 0.01162537 0.00236558 0.00925978
2870.86036228 0.00990703 0.00117622 0.00873081
2870.88079398 0.00904928 0.00036711 0.00868217
2870.90122559 0.00691752 -0.00098618 0.00790369
2870.92165709 0.00463302 -0.00244080 0.00707382
2870.94208879 0.00245721 -0.00364542 0.00610263
2870.96252039 0.00029027 -0.00480084 0.00509112
2870.98295189 -0.00067331 -0.00515198 0.00447867
2871.00338359 -0.00263585 -0.00601416 0.00337831
2871.02381519 -0.00450789 -0.00666416 0.00215627
2871.06467840 -0.00798108 -0.00786205 -0.00011903
2871.08511000 -0.00951291 -0.00825047 -0.00126244
2871.10554170 -0.01075621 -0.00843733 -0.00231888
2871.12597320 -0.01178814 -0.00891909 -0.00286906
2871.14640480 -0.01295996 -0.00921684 -0.00374312
2871.16683640 -0.01395338 -0.00931326 -0.00464012
2871.18726800 -0.01456050 -0.00913589 -0.00542462
2871.20769960 -0.01501251 -0.00891618 -0.00609633
2871.22813130 -0.01485510 -0.00867039 -0.00618472
2871.24856281 -0.01492493 -0.00835857 -0.00656635
2871.26899441 -0.01463124 -0.00764021 -0.00699103
2871.30985761 -0.01370466 -0.00615832 -0.00754634
2871.33028931 -0.01315970 -0.00545664 -0.00770306
2871.35072081 -0.01249660 -0.00473317 -0.00776343
2871.37115241 -0.01182983 -0.00414191 -0.00768792
2871.39158411 -0.01109576 -0.00345819 -0.00763757
2871.41201571 -0.01045142 -0.00292915 -0.00752227
2871.43244722 -0.00959952 -0.00233810 -0.00726141
2871.45287892 -0.00891413 -0.00192876 -0.00698537
2871.47331052 -0.00854571 -0.00178138 -0.00676432
2871.49374202 -0.00770406 -0.00125759 -0.00644647
2871.51417372 -0.00680608 -0.00072096 -0.00608512
2871.53460532 -0.00611283 -0.00040446 -0.00570837
2871.55503702 -0.00552473 -0.00024385 -0.00528088
2871.57546852 -0.00495586 -0.00005306 -0.00490280
2871.59590013 -0.00447457 0.00003751 -0.00451208
2871.61633183 -0.00423372 0.00003604 -0.00426975
2871.63676333 -0.00376249 0.00001685 -0.00377934
2871.65719493 -0.00333605 -0.00012431 -0.00321173
2871.67762663 -0.00276791 -0.00008774 -0.00268017
2871.69805813 -0.00224756 -0.00009363 -0.00215393
2871.71848973 -0.00167600 -0.00011104 -0.00156496
2871.73892143 -0.00109045 -0.00011433 -0.00097611
2871.75935293 -0.00040879 -0.00003457 -0.00037422
2871.80021624 0.00074898 0.00000656 0.00074242
2871.82064774 0.00135238 0.00013823 0.00121415
2871.84107944 0.00195726 0.00021402 0.00174323
2871.86151104 0.00217380 0.00012417 0.00204963
2871.88194264 0.00282356 0.00024960 0.00257396
2871.90237424 0.00360127 0.00051333 0.00308793
2871.92280584 0.00437771 0.00075872 0.00361899
2871.94323735 0.00518101 0.00102763 0.00415338
2871.96366905 0.00558239 0.00118779 0.00439461
2871.98410065 0.00634170 0.00140051 0.00494119
2872.00453225 0.00711711 0.00171773 0.00539938
2872.04539545 0.00846248 0.00226660 0.00619588
2872.06582705 0.00910110 0.00263755 0.00646355
2872.08625865 0.00989394 0.00312917 0.00676478
2872.10669026 0.01070019 0.00368282 0.00701737
2872.12712196 0.01163286 0.00437535 0.00725751
2872.14755346 0.01240461 0.00493669 0.00746792
2872.16798506 0.01317161 0.00543075 0.00774087
2872.18841676 0.01384678 0.00585294 0.00799384
2872.20884826 0.01411805 0.00603835 0.00807969
2872.22927996 0.01470775 0.00641525 0.00829250
2872.24971156 0.01518058 0.00675815 0.00842243
2872.27014307 0.01550695 0.00694671 0.00856024
2872.29057477 0.01590770 0.00730861 0.00859909
2872.31100637 0.01611717 0.00746214 0.00865504
2872.33143787 0.01624716 0.00759379 0.00865337
2872.35186957 0.01647433 0.00782651 0.00864782
2872.37230117 0.01635761 0.00771469 0.00864292
2872.39273277 0.01616149 0.00746817 0.00869332
2872.41316438 0.01594062 0.00722669 0.00871393
2872.43359598 0.01546327 0.00671034 0.00875293
2872.45402768 0.01483037 0.00601516 0.00881522
2872.47445918 0.01404922 0.00530882 0.00874040
2872.49489078 0.01312576 0.00442481 0.00870095
2872.53575408 0.01077557 0.00223326 0.00854231
2872.55618559 0.00952435 0.00111250 0.00841185
2872.57661719 0.00837590 0.00010398 0.00827192
2872.59704889 0.00784049 -0.00039160 0.00823208
2872.61748039 0.00666643 -0.00132758 0.00799401
2872.63791209 0.00529925 -0.00246443 0.00776368
2872.65834359 0.00398239 -0.00347842 0.00746080
2872.67877530 0.00277815 -0.00438830 0.00716645
2872.69920690 0.00236438 -0.00457783 0.00694221
2872.71963840 0.00129907 -0.00520284 0.00650191
2872.74007010 0.00023443 -0.00587606 0.00611049
2872.78093320 -0.00227671 -0.00737294 0.00509624
2872.80136491 -0.00345097 -0.00792545 0.00447448
2872.82179651 -0.00451573 -0.00846797 0.00395225
2872.84222821 -0.00507040 -0.00876822 0.00369783
2872.86265971 -0.00608509 -0.00903214 0.00294705
2872.88309131 -0.00685178 -0.00892884 0.00207706
2872.90352301 -0.00747418 -0.00869116 0.00121698
2872.92395452 -0.00824188 -0.00851960 0.00027773
2872.94438612 -0.00845004 -0.00827662 -0.00017342
2872.96481782 -0.00885679 -0.00787687 -0.00097992
2872.98524932 -0.00923755 -0.00752955 -0.00170800
2873.02611263 -0.01014998 -0.00700631 -0.00314367
2873.04654413 -0.01060448 -0.00677788 -0.00382661
2873.06697583 -0.01084861 -0.00651027 -0.00433834
2873.08740743 -0.01116816 -0.00640830 -0.00475986
2873.10783903 -0.01097342 -0.00586158 -0.00511184
2873.12827064 -0.01058517 -0.00515823 -0.00542694
2873.14870224 -0.00989984 -0.00420232 -0.00569752
2873.16913384 -0.00928371 -0.00334061 -0.00594310
2873.18956554 -0.00873235 -0.00300296 -0.00572939
2873.20999704 -0.00772225 -0.00211368 -0.00560857
2873.23042865 -0.00689296 -0.00160223 -0.00529074
2873.27129185 -0.00521549 -0.00076905 -0.00444644
2873.29172355 -0.00430661 -0.00042928 -0.00387733
2873.31215505 -0.00351168 -0.00023892 -0.00327277
2873.33258666 -0.00304184 0.00000193 -0.00304376
2873.35301836 -0.00204080 0.00029214 -0.00233294
2873.37344986 -0.00088701 0.00071368 -0.00160069
2873.39388146 0.00020287 0.00101945 -0.00081658
2873.41431317 0.00124267 0.00132054 -0.00007787
2873.43474467 0.00164225 0.00141043 0.00023183
2873.45517627 0.00255277 0.00174719 0.00080558
2873.47560797 0.00331228 0.00185437 0.00145791
2873.51647118 0.00447832 0.00186763 0.00261069
2873.53690278 0.00501865 0.00192835 0.00309031
2873.55733428 0.00528094 0.00181873 0.00346221
2873.57776599 0.00548726 0.00178097 0.00370629
2873.59819759 0.00582568 0.00192109 0.00390459
2873.61862919 0.00618939 0.00214403 0.00404536
2873.63906079 0.00650626 0.00248420 0.00402206
2873.65949240 0.00672112 0.00276178 0.00395934
2873.67992400 0.00666888 0.00288962 0.00377926
2873.70035560 0.00678849 0.00318120 0.00360729
2873.72078720 0.00679453 0.00346301 0.00333151
2873.76165051 0.00663579 0.00394923 0.00268656
2873.78208201 0.00640525 0.00415538 0.00224987
2873.80251371 0.00607971 0.00429999 0.00177972
2873.82294532 0.00599909 0.00447159 0.00152750
2873.84337682 0.00559765 0.00465530 0.00094234
2873.86380852 0.00536837 0.00500607 0.00036230
2873.88424013 0.00509965 0.00534530 -0.00024565
2873.90467173 0.00504898 0.00587528 -0.00082631
2873.92510333 0.00502988 0.00603789 -0.00100801
2873.94553484 0.00488999 0.00633190 -0.00144191
2873.96596654 0.00470210 0.00653138 -0.00182928
2874.00682964 0.00434642 0.00678962 -0.00244320
2874.02726135 0.00423408 0.00702137 -0.00278729
2874.04769295 0.00404484 0.00709013 -0.00304529
2874.06812445 0.00399771 0.00721249 -0.00321478
2874.08855616 0.00381582 0.00721036 -0.00339454
2874.10898776 0.00383785 0.00735992 -0.00352207
2874.12941946 0.00389625 0.00737220 -0.00347595
2874.14985097 0.00393820 0.00730534 -0.00336714
2874.17028257 0.00382791 0.00702314 -0.00319523
2874.19071427 0.00383201 0.00679759 -0.00296558
2874.21114578 0.00351139 0.00618366 -0.00267227
2874.25200908 0.00248775 0.00467548 -0.00218773
2874.27244069 0.00183053 0.00386181 -0.00203128
2874.29287219 0.00122010 0.00307516 -0.00185506
2874.31330389 0.00100180 0.00275984 -0.00175805
2874.33373550 0.00021409 0.00189078 -0.00167669
2874.35416710 -0.00063023 0.00089296 -0.00152319
2874.37459871 -0.00153225 -0.00018197 -0.00135028
2874.39503031 -0.00235261 -0.00110173 -0.00125088
2874.41546201 -0.00288185 -0.00160669 -0.00127515
2874.43589352 -0.00365541 -0.00245193 -0.00120348
2874.45632512 -0.00456214 -0.00342917 -0.00113297
2874.49718833 -0.00634168 -0.00515157 -0.00119011
2874.51761993 -0.00710119 -0.00577161 -0.00132958
2874.53805164 -0.00788545 -0.00645073 -0.00143472
2874.55848314 -0.00834942 -0.00680029 -0.00154912
2874.57891484 -0.00881894 -0.00711493 -0.00170400
2874.59934635 -0.00919584 -0.00727658 -0.00191926
2874.61977795 -0.00946118 -0.00737765 -0.00208354
2874.64020966 -0.00969660 -0.00741679 -0.00227981
2874.66064116 -0.00966027 -0.00728781 -0.00237247
2874.68107277 -0.00976914 -0.00729791 -0.00247124
2874.70150447 -0.00983050 -0.00726461 -0.00256589
2874.74236768 -0.00963266 -0.00702575 -0.00260691
2874.76279928 -0.00938318 -0.00668090 -0.00270228
2874.78323089 -0.00899104 -0.00630660 -0.00268444
2874.80366249 -0.00891395 -0.00617058 -0.00274336
2874.82409410 -0.00832277 -0.00570177 -0.00262101
2874.84452570 -0.00764149 -0.00507122 -0.00257028
2874.86495731 -0.00693006 -0.00462521 -0.00230484
2874.88538891 -0.00617043 -0.00401262 -0.00215781
2874.90582052 -0.00561120 -0.00368883 -0.00192237
2874.92625212 -0.00473714 -0.00317852 -0.00155862
2874.94668372 -0.00377655 -0.00269031 -0.00108624
2874.98754703 -0.00185458 -0.00195318 0.00009859
2875.00797854 -0.00090852 -0.00164693 0.00073841
2875.02841024 -0.00004545 -0.00145837 0.00141293
2875.04884185 0.00058012 -0.00112015 0.00170027
2875.06927335 0.00188605 -0.00056280 0.00244884
2875.08970506 0.00324359 0.00003727 0.00320632
2875.11013666 0.00459309 0.00057185 0.00402125
2875.13056817 0.00586835 0.00115101 0.00471733
2875.15099987 0.00646389 0.00145691 0.00500698
2875.17143148 0.00750135 0.00188756 0.00561379
2875.19186319 0.00828396 0.00203332 0.00625064
2875.23272630 0.00930623 0.00194585 0.00736038
2875.25315790 0.00947416 0.00168607 0.00778809
2875.27358951 0.00946532 0.00142319 0.00804213
2875.29402111 0.00976524 0.00147431 0.00829093
2875.31445272 0.00999700 0.00179666 0.00820034
2875.33488432 0.01021370 0.00217386 0.00803984
2875.35531593 0.01018245 0.00243701 0.00774544
2875.37574753 0.01037005 0.00306434 0.00730570
2875.39617914 0.01010489 0.00328447 0.00682041
2875.41661085 0.00960819 0.00344839 0.00615979
2875.43704245 0.00889186 0.00350695 0.00538491
2875.47790566 0.00677568 0.00307270 0.00370298
2875.49833727 0.00564326 0.00291020 0.00273306
2875.51876878 0.00437160 0.00271830 0.00165330
2875.53920048 0.00383989 0.00273313 0.00110676
2875.55963209 0.00278395 0.00302316 -0.00023920
2875.58006359 0.00200849 0.00369050 -0.00168201
2875.60049530 0.00123688 0.00433916 -0.00310229
2875.62092691 0.00046583 0.00494281 -0.00447699
2875.64135861 0.00005135 0.00511960 -0.00506825
2875.66179012 -0.00092704 0.00528207 -0.00620911
2875.68222173 -0.00205859 0.00524892 -0.00730751
2875.72308494 -0.00391455 0.00537131 -0.00928586
2875.74351655 -0.00488730 0.00527693 -0.01016423
2875.76394825 -0.00570583 0.00522705 -0.01093288
2875.78437976 -0.00615926 0.00531447 -0.01147373
2875.80481147 -0.00661787 0.00555135 -0.01216922
2875.82524307 -0.00698851 0.00584334 -0.01283186
2875.84567458 -0.00747094 0.00585700 -0.01332794
2875.86610629 -0.00783058 0.00585295 -0.01368353
2875.88653789 -0.00801485 0.00558398 -0.01359883
2875.90696950 -0.00839930 0.00524843 -0.01364772
2875.92740111 -0.00890923 0.00458035 -0.01348958
2875.96826422 -0.00959557 0.00337325 -0.01296882
2875.98869593 -0.01010194 0.00252090 -0.01262284
2876.00912754 -0.01053712 0.00169883 -0.01223595
2876.02955914 -0.01067500 0.00144627 -0.01212127
2876.04999075 -0.01093586 0.00080617 -0.01174203
2876.07042236 -0.01118943 0.00013959 -0.01132902
2876.09085397 -0.01145565 -0.00057133 -0.01088432
2876.11128557 -0.01176167 -0.00131009 -0.01045158
2876.13171718 -0.01187390 -0.00159189 -0.01028201
2876.15214889 -0.01225188 -0.00239657 -0.00985530
2876.17258040 -0.01260923 -0.00321684 -0.00939239
2876.21344371 -0.01312482 -0.00448394 -0.00864088
2876.23387522 -0.01343218 -0.00508957 -0.00834261
2876.25430693 -0.01377661 -0.00569053 -0.00808608
2876.27473854 -0.01389038 -0.00589595 -0.00799442
2876.29517004 -0.01428884 -0.00636448 -0.00792436
2876.31560175 -0.01468625 -0.00674260 -0.00794365
2876.33603336 -0.01483295 -0.00678747 -0.00804548
2876.35646487 -0.01501825 -0.00681811 -0.00820015
2876.37689658 -0.01506571 -0.00667809 -0.00838762
2876.39732818 -0.01525753 -0.00673820 -0.00851933
2876.41775979 -0.01549401 -0.00679233 -0.00870168
2876.45862301 -0.01582049 -0.00678845 -0.00903204
2876.47905472 -0.01598210 -0.00684136 -0.00914073
2876.49948623 -0.01593097 -0.00674302 -0.00918794
2876.51991784 -0.01604084 -0.00672977 -0.00931107
2876.54034954 -0.01567144 -0.00624202 -0.00942942
2876.56078105 -0.01530174 -0.00581639 -0.00948535
2876.58121266 -0.01476600 -0.00523923 -0.00952677
2876.60164437 -0.01408394 -0.00454409 -0.00953986
2876.62207598 -0.01355000 -0.00416532 -0.00938468
2876.64250759 -0.01275914 -0.00347742 -0.00928171
2876.66293920 -0.01186976 -0.00281331 -0.00905645
2876.70380242 -0.01018116 -0.00194769 -0.00823348
2876.72423403 -0.00934426 -0.00164778 -0.00769648
2876.74466554 -0.00855241 -0.00136813 -0.00718427
2876.76509725 -0.00805334 -0.00112630 -0.00692704
2876.78552885 -0.00706855 -0.00074401 -0.00632454
2876.80596036 -0.00604786 -0.00038149 -0.00566637
2876.82639207 -0.00489555 0.00018432 -0.00507988
2876.84682368 -0.00391782 0.00061265 -0.00453047
2876.86725539 -0.00360107 0.00066265 -0.00426372
2876.88768690 -0.00297719 0.00074976 -0.00372695
2876.90811851 -0.00242535 0.00074621 -0.00317156
2876.94898173 -0.00127808 0.00088043 -0.00215851
2876.96941334 -0.00079495 0.00084907 -0.00164402
2876.98984505 -0.00034598 0.00084757 -0.00119355
2877.01027656 -0.00009372 0.00081822 -0.00091194
2877.03070817 0.00024580 0.00088637 -0.00064058
2877.05113988 0.00049349 0.00088315 -0.00038966
2877.07157139 0.00074752 0.00103052 -0.00028300
2877.09200310 0.00104715 0.00121443 -0.00016728
2877.11243472 0.00105550 0.00125247 -0.00019697
2877.13286633 0.00114864 0.00135762 -0.00020897
2877.15329794 0.00130376 0.00157663 -0.00027287
2877.19416116 0.00123225 0.00170605 -0.00047379
2877.21459277 0.00130700 0.00194313 -0.00063613
2877.23502438 0.00138353 0.00215626 -0.00077274
2877.25545599 0.00139281 0.00242394 -0.00103113
2877.27588770 0.00137298 0.00267757 -0.00130459
2877.29631921 0.00128220 0.00301593 -0.00173374
2877.31675092 0.00109574 0.00332824 -0.00223250
2877.33718244 0.00098679 0.00368087 -0.00269408
2877.35761405 0.00096127 0.00393986 -0.00297858
2877.37804576 0.00079754 0.00424884 -0.00345130
2877.39847727 0.00078743 0.00474197 -0.00395455
2877.41890888 0.00065764 0.00502716 -0.00436952
2877.43934059 0.00049890 0.00527651 -0.00477762
2877.45977211 0.00022651 0.00541475 -0.00518824
2877.48020382 0.00005627 0.00560154 -0.00554527
2877.50063543 -0.00003676 0.00575981 -0.00579657
2877.52106694 -0.00039813 0.00570898 -0.00610710
2877.54149865 -0.00062473 0.00581038 -0.00643511
2877.56193026 -0.00082988 0.00577830 -0.00660818
2877.58236178 -0.00092096 0.00578084 -0.00670180
2877.60279349 -0.00098232 0.00562658 -0.00660891
2877.62322510 -0.00117680 0.00519801 -0.00637482
2877.64365671 -0.00139309 0.00456055 -0.00595364
2877.68451994 -0.00150460 0.00332374 -0.00482834
2877.70495165 -0.00154388 0.00252511 -0.00406899
2877.72538316 -0.00123578 0.00208847 -0.00332425
2877.74581478 -0.00066707 0.00180771 -0.00247479
2877.76624649 0.00007907 0.00167135 -0.00159229
2877.78667810 0.00053277 0.00126053 -0.00072776
2877.80710962 0.00092747 0.00076212 0.00016535
2877.82754133 0.00125387 0.00012463 0.00112924
2877.84797294 0.00122570 -0.00034159 0.00156729
2877.86840445 0.00152997 -0.00096592 0.00249589
2877.88883617 0.00161046 -0.00183822 0.00344868
2877.90926778 0.00149386 -0.00281674 0.00431060
2877.92969949 0.00131100 -0.00376567 0.00507668
2877.95013101 0.00107612 -0.00461180 0.00568793
2877.97056262 0.00098527 -0.00511919 0.00610446
2877.99099424 0.00122010 -0.00523951 0.00645960
2878.01142585 0.00124358 -0.00550365 0.00674723
2878.03185736 0.00117347 -0.00578888 0.00696235
2878.05228908 0.00101637 -0.00600198 0.00701835
2878.07272069 0.00070384 -0.00639729 0.00710113
2878.09315220 -0.00000193 -0.00706329 0.00706136
2878.11358392 -0.00081567 -0.00778190 0.00696623
2878.13401553 -0.00134358 -0.00816466 0.00682108
2878.17487876 -0.00186519 -0.00828507 0.00641988
2878.19531038 -0.00192279 -0.00804921 0.00612641
2878.21574209 -0.00190059 -0.00773090 0.00583031
2878.23617361 -0.00189607 -0.00752403 0.00562795
2878.25660522 -0.00153938 -0.00680959 0.00527021
2878.27703693 -0.00116685 -0.00610363 0.00493678
2878.29746855 -0.00058734 -0.00518568 0.00459834
2878.31790016 -0.00004973 -0.00444928 0.00439954
2878.33833178 0.00023801 -0.00409734 0.00433535
2878.35876339 0.00063400 -0.00359915 0.00423316
2878.37919501 0.00112707 -0.00296531 0.00409238
2878.42005824 0.00203967 -0.00180744 0.00384711
2878.44048996 0.00250046 -0.00134774 0.00384820
2878.46092147 0.00294135 -0.00091866 0.00386002
2878.48135309 0.00329214 -0.00057139 0.00386353
2878.50178480 0.00379480 -0.00009881 0.00389361
2878.52221632 0.00426926 0.00029249 0.00397677
2878.54264803 0.00463884 0.00055503 0.00408381
2878.56307965 0.00507392 0.00091908 0.00415484
2878.58351117 0.00509943 0.00078514 0.00431429
2878.60394288 0.00532800 0.00089819 0.00442981
2878.62437450 0.00548883 0.00092124 0.00456760
2878.66523773 0.00576555 0.00075112 0.00501444
2878.68566925 0.00587980 0.00062941 0.00525039
2878.70610086 0.00592872 0.00052828 0.00540044
2878.72653258 0.00594924 0.00044714 0.00550210
2878.74696410 0.00612627 0.00036656 0.00575970
2878.76739581 0.00664734 0.00060762 0.00603972
2878.78782743 0.00724731 0.00093197 0.00631533
2878.80825895 0.00779809 0.00122919 0.00656890
2878.82869066 0.00813829 0.00145152 0.00668677
2878.84912228 0.00853389 0.00160291 0.00693098
2878.86955390 0.00903410 0.00183479 0.00719930
2878.91041713 0.01008538 0.00242638 0.00765899
2878.93084885 0.01066709 0.00286686 0.00780023
2878.95128037 0.01123135 0.00321859 0.00801275
2878.97171199 0.01159476 0.00344139 0.00815337
2878.99214370 0.01193153 0.00366999 0.00826155
2879.01257532 0.01264311 0.00436912 0.00827399
2879.03300684 0.01324824 0.00502974 0.00821850
2879.05343856 0.01381881 0.00569441 0.00812440
2879.07387018 0.01374635 0.00585249 0.00789386
2879.09430169 0.01395067 0.00625728 0.00769339
2879.11473341 0.01394438 0.00649477 0.00744961
2879.17602827 0.01364443 0.00706046 0.00658397
2879.19645989 0.01365524 0.00735915 0.00629609
2879.21689161 0.01353336 0.00755051 0.00598285
2879.23732312 0.01325156 0.00756051 0.00569105
2879.25775474 0.01303209 0.00767507 0.00535702
2879.27818646 0.01272803 0.00776595 0.00496208
2879.29861798 0.01245098 0.00779092 0.00466006
2879.31904960 0.01240522 0.00775788 0.00464733
2879.33948122 0.01240308 0.00771546 0.00468762
2879.35991284 0.01206204 0.00743824 0.00462380
2879.38034456 0.01180043 0.00710651 0.00469392
2879.40077608 0.01154939 0.00674605 0.00480334
2879.42120770 0.01130863 0.00626831 0.00504032
2879.44163942 0.01116662 0.00585198 0.00531465
2879.46207094 0.01108678 0.00568944 0.00539734
2879.48250256 0.01091999 0.00519752 0.00572248
2879.50293428 0.01064020 0.00455033 0.00608987
2879.52336590 0.01032880 0.00398957 0.00633924
2879.54379742 0.00988092 0.00321915 0.00666177
2879.56422914 0.00947758 0.00251224 0.00696534
2879.58466076 0.00910581 0.00185780 0.00724802
2879.60509238 0.00855243 0.00094729 0.00760514
2879.64595562 0.00736553 -0.00091297 0.00827850
2879.66638734 0.00665094 -0.00192437 0.00857531
2879.68681886 0.00586753 -0.00291596 0.00878348
2879.70725048 0.00554771 -0.00342682 0.00897454
2879.72768220 0.00490601 -0.00404700 0.00895300
2879.74811373 0.00425289 -0.00470749 0.00896038
2879.76854545 0.00362486 -0.00509422 0.00871908
2879.78897707 0.00290488 -0.00556818 0.00847307
2879.80940859 0.00267516 -0.00555922 0.00823437
2879.82984031 0.00213039 -0.00574761 0.00787800
2879.85027193 0.00158105 -0.00588132 0.00746237
2879.89113518 0.00052469 -0.00607712 0.00660181
2879.91156680 -0.00028117 -0.00638554 0.00610437
2879.93199842 -0.00117426 -0.00677181 0.00559754
2879.95243004 -0.00139666 -0.00673554 0.00533888
2879.97286166 -0.00177296 -0.00652152 0.00474856
2879.99329339 -0.00191479 -0.00611081 0.00419602
2880.01372491 -0.00194198 -0.00545973 0.00351775
2880.03415653 -0.00192293 -0.00483369 0.00291076
2880.05458816 -0.00190729 -0.00460157 0.00269428
2880.07501978 -0.00208619 -0.00430316 0.00221696
2880.09545140 -0.00222069 -0.00395072 0.00173003
2880.13631465 -0.00227449 -0.00345004 0.00117555
2880.15674627 -0.00208609 -0.00302655 0.00094046
2880.17717799 -0.00154591 -0.00235480 0.00080889
2880.19760952 -0.00161412 -0.00226864 0.00065452
2880.21804124 -0.00124254 -0.00187740 0.00063486
2880.23847286 -0.00078714 -0.00144086 0.00065372
2880.25890439 -0.00002523 -0.00073170 0.00070647
2880.27933611 0.00090650 0.00008579 0.00082071
2880.29976774 0.00104460 0.00003727 0.00100733
2880.32019926 0.00145928 0.00023481 0.00122448
2880.34063098 0.00167218 0.00020031 0.00147187
2880.38149433 0.00203880 -0.00004638 0.00208518
2880.40192586 0.00229054 -0.00011327 0.00240381
2880.42235748 0.00264335 -0.00005713 0.00270048
2880.44278921 0.00296865 0.00007733 0.00289132
2880.46322073 0.00348982 0.00032150 0.00316832
2880.48365236 0.00401514 0.00045940 0.00355574
2880.50408408 0.00449511 0.00057936 0.00391576
2880.52451561 0.00446391 0.00027959 0.00418432
2880.54494723 0.00471491 0.00036236 0.00435255
2880.56537896 0.00496805 0.00038242 0.00458563
2880.58581048 0.00539713 0.00051660 0.00488052
2880.62667383 0.00621407 0.00075116 0.00546290
2880.64710546 0.00661089 0.00095243 0.00565846
2880.66753709 0.00726585 0.00141434 0.00585151
2880.68796871 0.00757041 0.00165184 0.00591857
2880.70840034 0.00820949 0.00216556 0.00604393
2880.72883196 0.00891459 0.00273072 0.00618387
2880.74926359 0.00966721 0.00339989 0.00626732
2880.76969512 0.01026972 0.00395832 0.00631140
2880.79012684 0.01046765 0.00425739 0.00621026
2880.81055847 0.01085247 0.00471281 0.00613966
2880.83099010 0.01125492 0.00523642 0.00601850
2880.87185335 0.01156183 0.00585278 0.00570906
2880.89228508 0.01164579 0.00617970 0.00546609
2880.91271660 0.01162858 0.00636490 0.00526368
2880.93314823 0.01177785 0.00663612 0.00514173
2880.95357996 0.01185575 0.00686965 0.00498611
2880.97401149 0.01169997 0.00712917 0.00457081
2880.99444321 0.01160443 0.00748550 0.00411893
2881.01487484 0.01122444 0.00754809 0.00367635
2881.03530637 0.01092253 0.00756483 0.00335770
2881.05573810 0.01038955 0.00747921 0.00291034
2881.07616973 0.00973386 0.00727511 0.00245875
2881.13746461 0.00715804 0.00561325 0.00154479
2881.15789624 0.00628569 0.00492123 0.00136446
2881.17832787 0.00535088 0.00408734 0.00126353
2881.19875950 0.00468511 0.00347433 0.00121078
2881.21919123 0.00398469 0.00278558 0.00119911
2881.23962275 0.00328323 0.00204189 0.00124134
2881.26005438 0.00253468 0.00118671 0.00134798
2881.28048611 0.00226675 0.00078349 0.00148325
2881.30091774 0.00199291 0.00037228 0.00162063
2881.32134927 0.00134887 -0.00046091 0.00180978
2881.34178100 0.00062606 -0.00141848 0.00204454
2881.36221263 -0.00001659 -0.00228790 0.00227130
2881.38264426 -0.00062833 -0.00320895 0.00258062
2881.40307589 -0.00088140 -0.00370988 0.00282849
2881.42350742 -0.00117608 -0.00422006 0.00304398
2881.44393915 -0.00124995 -0.00446753 0.00321758
2881.46437078 -0.00144187 -0.00477626 0.00333439
2881.48480231 -0.00162051 -0.00499329 0.00337279
2881.50523404 -0.00194175 -0.00533618 0.00339443
2881.52566567 -0.00233024 -0.00560631 0.00327606
2881.54609720 -0.00287689 -0.00599056 0.00311367
2881.56652894 -0.00346905 -0.00634839 0.00287933
2881.60739230 -0.00451064 -0.00657561 0.00206498
2881.62782383 -0.00513714 -0.00668393 0.00154679
2881.64825546 -0.00561046 -0.00660092 0.00099046
2881.66868719 -0.00579193 -0.00655678 0.00076486
2881.68911872 -0.00620986 -0.00623463 0.00002477
2881.70955035 -0.00674233 -0.00600379 -0.00073855
2881.72998209 -0.00726689 -0.00577348 -0.00149341
2881.75041362 -0.00802583 -0.00579483 -0.00223100
2881.77084525 -0.00821366 -0.00559836 -0.00261530
2881.79127698 -0.00882002 -0.00583071 -0.00298931
2881.81170862 -0.00922401 -0.00552028 -0.00370373
2881.85257188 -0.00967316 -0.00457702 -0.00509615
2881.87300351 -0.00983212 -0.00416170 -0.00567042
2881.89343515 -0.01000867 -0.00390242 -0.00610625
2881.91386678 -0.01017838 -0.00365217 -0.00652621
2881.93429841 -0.01000438 -0.00326177 -0.00674261
2881.97516168 -0.00926334 -0.00248670 -0.00677664
2881.99559331 -0.00888654 -0.00220271 -0.00668383
2882.01602495 -0.00847115 -0.00204293 -0.00642822
2882.03645658 -0.00793669 -0.00181119 -0.00612550
2882.09775148 -0.00576152 -0.00105703 -0.00470449
2882.11818322 -0.00500222 -0.00095964 -0.00404259
2882.13861475 -0.00462073 -0.00094627 -0.00367445
2882.15904638 -0.00434496 -0.00102908 -0.00331588
2882.17947812 -0.00363928 -0.00117510 -0.00246418
2882.19990965 -0.00280285 -0.00122384 -0.00157900
2882.22034139 -0.00179622 -0.00115853 -0.00063769
2882.24077302 -0.00128328 -0.00101771 -0.00026557
2882.26120456 -0.00060127 -0.00068634 0.00008507
2882.28163629 0.00052082 -0.00028095 0.00080177
2882.30206793 0.00175325 0.00026572 0.00148753
2882.34293120 0.00357603 0.00093045 0.00264558
2882.36336284 0.00407818 0.00090689 0.00317129
2882.38379457 0.00462528 0.00104902 0.00357626
2882.40422611 0.00521987 0.00135465 0.00386521
2882.42465774 0.00602637 0.00190425 0.00412212
2882.44508948 0.00681096 0.00244343 0.00436753
2882.46552102 0.00740750 0.00293991 0.00446760
2882.48595265 0.00771629 0.00321081 0.00450547
2882.50638439 0.00749392 0.00320205 0.00429187
2882.52681603 0.00742794 0.00334485 0.00408309
2882.54724756 0.00732538 0.00362268 0.00370269
2882.56767930 0.00706113 0.00384983 0.00321129
2882.58811094 0.00688630 0.00420207 0.00268423
2882.60854258 0.00682706 0.00479086 0.00203619
2882.62897421 0.00678632 0.00550238 0.00128394
2882.64940585 0.00639576 0.00544722 0.00094854
2882.66983749 0.00580788 0.00576669 0.00004119
2882.69026913 0.00536660 0.00627029 -0.00090369
2882.71070066 0.00493818 0.00682980 -0.00189163
2882.73113240 0.00427961 0.00709926 -0.00281965
2882.75156404 0.00329845 0.00705894 -0.00376050
2882.77199568 0.00192674 0.00665878 -0.00473204
2882.79242732 0.00053681 0.00640250 -0.00586569
2882.83329069 -0.00203635 0.00597125 -0.00800759
2882.85372223 -0.00321791 0.00576462 -0.00898253
2882.87415387 -0.00431942 0.00555988 -0.00987930
2882.89458561 -0.00465554 0.00573973 -0.01039527
2882.91501715 -0.00499627 0.00592405 -0.01092032
2882.93544879 -0.00635563 0.00521120 -0.01156683
2882.95588053 -0.00819051 0.00380321 -0.01199372
2882.97631207 -0.01025739 0.00214887 -0.01240626
2882.99674381 -0.01072827 0.00159015 -0.01231843
2883.01717545 -0.01194384 0.00050437 -0.01244821
2883.03760709 -0.01303043 -0.00052996 -0.01250047
2883.09890201 -0.01502505 -0.00300102 -0.01202403
2883.11933365 -0.01524190 -0.00358075 -0.01166115
2883.13976529 -0.01544462 -0.00432973 -0.01111489
2883.16019693 -0.01539876 -0.00494151 -0.01045724
2883.18062867 -0.01529183 -0.00553146 -0.00976038
2883.20106022 -0.01506017 -0.00603468 -0.00902549
2883.22149196 -0.01462639 -0.00627051 -0.00835588
2883.24192360 -0.01426985 -0.00627101 -0.00799883
2883.26235514 -0.01393418 -0.00619579 -0.00773839
2883.28278688 -0.01357898 -0.00640882 -0.00717016
2883.30321852 -0.01304989 -0.00635455 -0.00669534
2883.32365007 -0.01251461 -0.00635758 -0.00615703
2883.34408181 -0.01202073 -0.00628418 -0.00573656
2883.36451335 -0.01147524 -0.00614241 -0.00533283
2883.38494509 -0.01117498 -0.00616619 -0.00500878
2883.40537674 -0.01090342 -0.00614968 -0.00475373
2883.42580828 -0.01056518 -0.00593260 -0.00463258
2883.44624002 -0.01014369 -0.00556891 -0.00457478
2883.46667167 -0.00973426 -0.00518371 -0.00455055
2883.48710321 -0.00932944 -0.00479842 -0.00453102
2883.50753495 -0.00896411 -0.00432313 -0.00464099
2883.52796660 -0.00872083 -0.00391789 -0.00480294
2883.56882988 -0.00867276 -0.00345144 -0.00522132
2883.58926153 -0.00870358 -0.00318906 -0.00551452
2883.60969327 -0.00859015 -0.00291987 -0.00567028
2883.63012482 -0.00826454 -0.00240202 -0.00586252
2883.65055646 -0.00795488 -0.00191417 -0.00604071
2883.67098820 -0.00766904 -0.00146001 -0.00620904
2883.69141985 -0.00731649 -0.00111432 -0.00620216
2883.71185139 -0.00705321 -0.00088069 -0.00617252
2883.73228314 -0.00679137 -0.00083890 -0.00595248
2883.75271478 -0.00636095 -0.00063801 -0.00572294
2883.77314633 -0.00590071 -0.00052779 -0.00537292
2883.79357807 -0.00541350 -0.00047340 -0.00494010
2883.81400972 -0.00487101 -0.00038193 -0.00448908
2883.83444147 -0.00407510 -0.00008654 -0.00398857
2883.85487301 -0.00323201 0.00020791 -0.00343992
2883.87530466 -0.00294174 0.00028438 -0.00322612
2883.89573640 -0.00191751 0.00062625 -0.00254376
2883.91616795 -0.00076944 0.00109562 -0.00186507
2883.93659960 0.00018332 0.00129585 -0.00111253
2883.95703134 0.00100176 0.00145495 -0.00045319
2883.97746289 0.00165449 0.00134897 0.00030552
2883.99789464 0.00221227 0.00120530 0.00100696
2884.01832628 0.00288032 0.00123431 0.00164601
2884.05918958 0.00401294 0.00134363 0.00266931
2884.07962113 0.00443618 0.00139265 0.00304353
2884.10005277 0.00491046 0.00158697 0.00332349
2884.12048452 0.00536216 0.00178567 0.00357649
2884.14091607 0.00574431 0.00209890 0.00364541
2884.16134772 0.00598385 0.00230747 0.00367637
2884.18177946 0.00603984 0.00243769 0.00360215
2884.20221111 0.00595929 0.00242333 0.00353596
2884.22264276 0.00598739 0.00260674 0.00338066
2884.24307441 0.00595583 0.00273381 0.00322202
2884.26350606 0.00588868 0.00289913 0.00298955
2884.30436936 0.00579234 0.00355251 0.00223984
2884.32480101 0.00576049 0.00404861 0.00171188
2884.34523276 0.00576105 0.00453669 0.00122436
2884.36566431 0.00571672 0.00470419 0.00101253
2884.38609606 0.00578209 0.00534273 0.00043936
2884.40652771 0.00577656 0.00595209 -0.00017552
2884.42695926 0.00575069 0.00648760 -0.00073691
2884.44739101 0.00564013 0.00690533 -0.00126519
2884.46782266 0.00537355 0.00690464 -0.00153109
2884.48825421 0.00507764 0.00709648 -0.00201884
2884.50868596 0.00478712 0.00736166 -0.00257454
2884.54954916 0.00365842 0.00747388 -0.00381546
2884.56998091 0.00286640 0.00727945 -0.00441305
2884.59041256 0.00197439 0.00693924 -0.00496485
2884.61084431 0.00171398 0.00699964 -0.00528567
2884.63127586 0.00083382 0.00646703 -0.00563321
2884.65170752 -0.00006150 0.00587595 -0.00593745
2884.67213927 -0.00109132 0.00501984 -0.00611115
2884.69257082 -0.00209921 0.00415850 -0.00625771
2884.71300247 -0.00262145 0.00355342 -0.00617487
2884.73343412 -0.00366239 0.00256696 -0.00622934
2884.75386578 -0.00427117 0.00202716 -0.00629833
2884.79472908 -0.00545085 0.00105976 -0.00651061
2884.81516074 -0.00601965 0.00057355 -0.00659320
2884.83559249 -0.00670315 -0.00003829 -0.00666485
2884.85602404 -0.00747534 -0.00086508 -0.00661027
2884.87645570 -0.00814293 -0.00177486 -0.00636808
2884.89688745 -0.00840514 -0.00296298 -0.00544217
2885.06034078 -0.00688575 -0.00769492 0.00080916
2885.08077234 -0.00646034 -0.00804401 0.00158367
2885.10120399 -0.00646034 -0.00804401 0.00158367
2885.12163575 -0.00588701 -0.00739554 0.00150853
2885.14206731 -0.00553261 -0.00700675 0.00147414
2885.16249906 -0.00522895 -0.00667950 0.00145056
2885.18293072 -0.00507901 -0.00655150 0.00147249
2885.28508900 -0.00318659 -0.00477789 0.00159131
2885.30552066 -0.00245224 -0.00399035 0.00153811
2885.32595221 -0.00170055 -0.00321353 0.00151298
2885.34638397 -0.00107995 -0.00244662 0.00136667
2885.36681563 -0.00049905 -0.00198951 0.00149046
2885.40767894 0.00002557 -0.00159497 0.00162054
2885.42811060 0.00023205 -0.00153218 0.00176423
2885.44854226 0.00048644 -0.00143659 0.00192303
2885.46897392 0.00087427 -0.00129332 0.00216760
2885.48940557 0.00142906 -0.00101779 0.00244685
2885.53026889 0.00259773 -0.00043964 0.00303737
2885.55070065 0.00317395 -0.00021859 0.00339254
2885.57113231 0.00332292 -0.00029581 0.00361873
2885.59156387 0.00360552 -0.00007944 0.00368496
2885.61199563 0.00398473 -0.00022470 0.00420944
2885.63242729 0.00437957 -0.00030514 0.00468470
2885.65285885 0.00482783 -0.00039307 0.00522090
2885.67329061 0.00541452 -0.00028507 0.00569960
2885.69372227 0.00577350 -0.00017219 0.00594569
2885.71415383 0.00619005 -0.00018976 0.00637982
2885.73458559 0.00670354 -0.00018427 0.00688781
2885.77544901 0.00757983 -0.00013473 0.00771457
2885.79588057 0.00794394 -0.00013208 0.00807602
2885.81631223 0.00840627 0.00011598 0.00829029
2885.83674399 0.00873276 0.00027277 0.00845999
2885.85717555 0.00913379 0.00054033 0.00859346
2885.87760722 0.00944576 0.00081425 0.00863151
2885.89803898 0.00971987 0.00113900 0.00858087
2885.91847054 0.01002259 0.00152957 0.00849302
2885.93890230 0.01005724 0.00174357 0.00831367
2885.95933396 0.01025181 0.00214776 0.00810405
2885.97976563 0.01020797 0.00232723 0.00788073
2886.00019729 0.00998269 0.00240780 0.00757490
2886.02062885 0.00976478 0.00254395 0.00722083
2886.04106061 0.00950093 0.00273405 0.00676689
2886.06149228 0.00950812 0.00323266 0.00627545
2886.08192394 0.00940319 0.00337743 0.00602577
2886.10235550 0.00944195 0.00399054 0.00545141
2886.12278727 0.00937280 0.00447271 0.00490009
2886.14321893 0.00925642 0.00495712 0.00429931
2886.16365060 0.00902009 0.00519075 0.00382934
2886.18408226 0.00880296 0.00542453 0.00337844
2886.20451392 0.00855769 0.00561811 0.00293958
2886.22494569 0.00830033 0.00577848 0.00252185
2886.26580892 0.00794820 0.00625954 0.00168866
2886.28624068 0.00776282 0.00656687 0.00119594
2886.30667225 0.00737452 0.00660455 0.00076997
2886.32710401 0.00744069 0.00691216 0.00052852
2886.34753568 0.00713094 0.00697676 0.00015419
2886.36796724 0.00660688 0.00680445 -0.00019757
2886.38839901 0.00592558 0.00639817 -0.00047259
2886.40883068 0.00499340 0.00567485 -0.00068145
2886.42926224 0.00435828 0.00505997 -0.00070170
2886.44969401 0.00342604 0.00425385 -0.00082781
2886.47012568 0.00245491 0.00340033 -0.00094542
2886.51098901 0.00053586 0.00166864 -0.00113278
2886.53142068 -0.00053535 0.00076147 -0.00129682
2886.55185244 -0.00162054 -0.00018805 -0.00143249
2886.57228401 -0.00221676 -0.00067778 -0.00153898
2886.59271568 -0.00316126 -0.00165397 -0.00150729
2886.61314745 -0.00429774 -0.00282378 -0.00147396
2886.63357902 -0.00525805 -0.00397720 -0.00128085
2886.65401068 -0.00601760 -0.00491528 -0.00110232
2886.67444235 -0.00610225 -0.00516688 -0.00093537
2886.69487412 -0.00657131 -0.00590536 -0.00066595
2886.71530579 -0.00681050 -0.00651401 -0.00029649
2886.75616903 -0.00688804 -0.00751461 0.00062658
2886.77660080 -0.00679016 -0.00785252 0.00106237
2886.79703247 -0.00656557 -0.00818786 0.00162229
2886.81746404 -0.00658207 -0.00840592 0.00182385
2886.83789581 -0.00587804 -0.00839934 0.00252130
2886.85832748 -0.00495712 -0.00820038 0.00324326
2886.87875905 -0.00378456 -0.00782557 0.00404101
2886.89919082 -0.00256032 -0.00747263 0.00491231
2886.91962249 -0.00170738 -0.00705024 0.00534286
2886.94005426 -0.00040085 -0.00655426 0.00615341
2886.96048583 0.00100928 -0.00597084 0.00698012
2887.00134927 0.00387140 -0.00477047 0.00864187
2887.02178084 0.00535383 -0.00400325 0.00935709
2887.04221251 0.00682210 -0.00316941 0.00999151
2887.06264429 0.00813908 -0.00246013 0.01059921
2887.08307586 0.00929802 -0.00179588 0.01109390
2887.10350763 0.01028114 -0.00131502 0.01159616
2887.12393930 0.01124610 -0.00079076 0.01203686
2887.14437088 0.01198274 -0.00033663 0.01231937
2887.16480265 0.01181934 -0.00045319 0.01227253
2887.18523432 0.01231753 -0.00015716 0.01247469
2887.20566599 0.01277920 0.00014835 0.01263085
2887.22609767 0.01313320 0.00033088 0.01280232
2887.24652934 0.01348975 0.00059192 0.01289783
2887.26696101 0.01369001 0.00070078 0.01298923
2887.28739269 0.01372398 0.00070450 0.01301948
2887.30782436 0.01364277 0.00063799 0.01300478
2887.32825614 0.01269375 0.00041115 0.01228259
2887.49170944 0.00574970 -0.00121168 0.00696138
2887.51214121 0.00525608 -0.00105361 0.00630969
2887.53257279 0.00525608 -0.00105361 0.00630969
2887.55300457 0.00525608 -0.00105361 0.00630969
2887.57343624 0.00567579 -0.00080968 0.00648547
2887.59386782 0.00605868 -0.00065736 0.00671604
2887.61429960 0.00643550 -0.00054689 0.00698239
2887.73688966 0.00956578 0.00160416 0.00796162
2887.75732134 0.01039552 0.00234295 0.00805257
2887.77775312 0.01131031 0.00323527 0.00807503
2887.79818470 0.01151461 0.00336938 0.00814523
2887.81861638 0.01178819 0.00390691 0.00788128
2887.83904816 0.01202924 0.00438134 0.00764790
2887.85947984 0.01224502 0.00482167 0.00742334
2887.87991141 0.01241846 0.00517353 0.00724493
2887.90034319 0.01250479 0.00546578 0.00703901
2887.92077487 0.01276759 0.00598723 0.00678036
2887.94120655 0.01287934 0.00642618 0.00645316
2887.98206991 0.01308575 0.00741581 0.00566994
2888.00250160 0.01302327 0.00780852 0.00521475
2888.02293328 0.01302093 0.00828689 0.00473404
2888.04336496 0.01273634 0.00855217 0.00418417
2888.06379664 0.01228966 0.00860132 0.00368834
2888.08422832 0.01165545 0.00848041 0.00317504
2888.10466010 0.01090122 0.00820012 0.00270110
2888.12509168 0.01001704 0.00769137 0.00232567
2888.14552337 0.00939233 0.00716635 0.00222599
2888.16595515 0.00847819 0.00647306 0.00200512
2888.18638673 0.00743655 0.00563253 0.00180402
2888.20681841 0.00642078 0.00475217 0.00166861
2888.22725020 0.00536052 0.00390762 0.00145290
2888.24768178 0.00428868 0.00298099 0.00130769
2888.26811346 0.00326223 0.00212631 0.00113591
2888.28854524 0.00278425 0.00178518 0.00099907
2888.30897683 0.00178077 0.00093124 0.00084954
2888.32940861 0.00079795 0.00003980 0.00075815
2888.34984030 -0.00012391 -0.00093287 0.00080895
2888.37027188 -0.00100233 -0.00190807 0.00090573
2888.39070366 -0.00176005 -0.00281930 0.00105925
2888.41113535 -0.00256204 -0.00385364 0.00129160
2888.43156703 -0.00339825 -0.00500294 0.00160469
2888.47243040 -0.00442724 -0.00663891 0.00221167
2888.49286219 -0.00446753 -0.00708256 0.00261503
2888.51329378 -0.00429827 -0.00725436 0.00295609
2888.53372546 -0.00439909 -0.00745702 0.00305793
2888.55415725 -0.00408090 -0.00752679 0.00344590
2888.57458893 -0.00365186 -0.00763100 0.00397914
2888.59502052 -0.00299257 -0.00746653 0.00447396
2888.61545231 -0.00225757 -0.00731817 0.00506061
2888.63588399 -0.00168579 -0.00704247 0.00535668
2888.65631558 -0.00096154 -0.00692148 0.00595994
2888.67674737 -0.00011049 -0.00661367 0.00650318
2888.71761074 0.00214864 -0.00530039 0.00744903
2888.73804243 0.00319967 -0.00469756 0.00789723
2888.75847402 0.00422088 -0.00397909 0.00819997
2888.77890581 0.00519740 -0.00324496 0.00844236
2888.79933750 0.00637962 -0.00211242 0.00849204
2888.81976908 0.00720413 -0.00134139 0.00854551
2888.84020087 0.00779455 -0.00056145 0.00835600
2888.86063256 0.00807484 -0.00009925 0.00817409
2888.88106435 0.00791107 0.00014695 0.00776412
2888.90149594 0.00797011 0.00073837 0.00723174
2888.92192763 0.00785801 0.00133039 0.00652762
2888.96279101 0.00687656 0.00183404 0.00504252
2888.98322270 0.00618004 0.00201608 0.00416395
2889.00365449 0.00534261 0.00216808 0.00317453
2889.02408608 0.00421696 0.00206953 0.00214743
2889.04451777 0.00272658 0.00165802 0.00106855
2889.06494956 0.00102595 0.00109121 -0.00006526
2889.08538126 -0.00055780 0.00069678 -0.00125458
2889.10581295 -0.00191262 0.00050694 -0.00241956
2889.12624464 -0.00261133 0.00032847 -0.00293980
2889.14667633 -0.00405013 -0.00008371 -0.00396643
2889.16710802 -0.00531594 -0.00034236 -0.00497358
2889.18753972 -0.00657767 -0.00071966 -0.00585801
2889.20797141 -0.00772309 -0.00098213 -0.00674096
2889.22840320 -0.00876664 -0.00136911 -0.00739753
2889.24883479 -0.00968867 -0.00174895 -0.00793972
2889.26926659 -0.01038572 -0.00208647 -0.00829924
2889.28969828 -0.01098631 -0.00237255 -0.00861376
2889.31012987 -0.01129369 -0.00239680 -0.00889689
2889.33056167 -0.01146955 -0.00247808 -0.00899147
2889.35099336 -0.01136979 -0.00237872 -0.00899106
2889.37142496 -0.01093718 -0.00210030 -0.00883688
2889.39185675 -0.01026902 -0.00171135 -0.00855766
2889.41228835 -0.00933567 -0.00125271 -0.00808297
2889.45315184 -0.00700773 -0.00028766 -0.00672007
2889.47358343 -0.00562967 0.00026296 -0.00589263
2889.49401523 -0.00400883 0.00100870 -0.00501753
2889.51444692 -0.00334340 0.00123599 -0.00457940
2889.53487852 -0.00149998 0.00215189 -0.00365187
2889.55531031 0.00052792 0.00321284 -0.00268492
2889.57574201 0.00261545 0.00441286 -0.00179741
2889.59617371 0.00480412 0.00563111 -0.00082699
2889.61660540 0.00556286 0.00591549 -0.00035263
2889.63703710 0.00663100 0.00651767 0.00011333
2889.65746890 0.00766961 0.00700383 0.00066578
2889.69833219 0.00991355 0.00817921 0.00173434
2889.71876399 0.01095513 0.00867869 0.00227644
2889.73919569 0.01202448 0.00923806 0.00278642
2889.75962729 0.01305429 0.00983454 0.00321974
2889.78005909 0.01530057 0.01060853 0.00469204
2889.94351278 0.02152346 0.00598705 0.01553641
2889.96394438 0.02228672 0.00528804 0.01699868
2889.98437608 0.02228672 0.00528804 0.01699868
2890.00480789 0.02228672 0.00528804 0.01699868
2890.02523949 0.02080137 0.00399379 0.01680758
2890.04567129 0.01944681 0.00281581 0.01663099
2890.18869310 0.01071259 -0.00578470 0.01649729
2890.20912481 0.00963543 -0.00678633 0.01642177
2890.22955661 0.00852256 -0.00768369 0.01620625
2890.24998831 0.00852256 -0.00768369 0.01620625
2890.27042002 0.00857996 -0.00758014 0.01616010
2890.29085172 0.00858702 -0.00758330 0.01617032
2890.31128343 0.00857459 -0.00755548 0.01613007
2890.33171513 0.00855802 -0.00747910 0.01603712
2890.35214684 0.00855556 -0.00736727 0.01592283
2890.37257854 0.00835788 -0.00740310 0.01576099
2890.39301025 0.00831989 -0.00726465 0.01558454
2890.43387376 0.00833262 -0.00674683 0.01507945
2890.45430546 0.00835630 -0.00635562 0.01471192
2890.47473707 0.00832112 -0.00595185 0.01427297
2890.49516888 0.00836614 -0.00574897 0.01411511
2890.51560058 0.00844177 -0.00494874 0.01339052
2890.53603219 0.00846696 -0.00418539 0.01265235
2890.55646400 0.00849242 -0.00338563 0.01187805
2890.57689570 0.00817891 -0.00292064 0.01109954
2890.59732731 0.00796594 -0.00266159 0.01062752
2890.61775912 0.00754273 -0.00229476 0.00983748
2890.63819083 0.00712866 -0.00172656 0.00885522
2890.67905424 0.00617047 -0.00077604 0.00694651
2890.69948595 0.00558893 -0.00039099 0.00597992
2890.71991766 0.00501048 -0.00000640 0.00501688
2890.74034937 0.00472071 0.00020749 0.00451322
2890.76078108 0.00377053 0.00030861 0.00346192
2890.78121279 0.00276060 0.00033646 0.00242414
2890.80164450 0.00171355 0.00026549 0.00144806
2890.82207631 0.00073408 0.00029962 0.00043446
2890.84250792 0.00005913 0.00002250 0.00003663
2890.86293963 -0.00129166 -0.00054503 -0.00074663
2890.88337144 -0.00248332 -0.00092956 -0.00155376
2890.92423476 -0.00430136 -0.00133344 -0.00296792
2890.94466657 -0.00490409 -0.00134834 -0.00355575
2890.96509828 -0.00542227 -0.00134685 -0.00407542
2890.98552990 -0.00596153 -0.00154415 -0.00441739
2891.00596171 -0.00644555 -0.00178352 -0.00466204
2891.02639342 -0.00680095 -0.00188386 -0.00491709
2891.04682523 -0.00703415 -0.00201906 -0.00501510
2891.06725685 -0.00723537 -0.00211250 -0.00512287
2891.08768856 -0.00701556 -0.00202933 -0.00498623
2891.10812037 -0.00683708 -0.00198536 -0.00485172
2891.12855198 -0.00624062 -0.00154741 -0.00469321
2891.14898370 -0.00544556 -0.00096637 -0.00447919
2891.16941551 -0.00468127 -0.00050961 -0.00417165
2891.18984713 -0.00387651 -0.00007648 -0.00380004
2891.21027894 -0.00276383 0.00063182 -0.00339566
2891.23071066 -0.00222188 0.00096404 -0.00318593
2891.25114227 -0.00121141 0.00150068 -0.00271208
2891.27157409 -0.00026776 0.00192514 -0.00219290
2891.29200580 0.00063732 0.00242792 -0.00179060
2891.31243742 0.00171077 0.00312385 -0.00141308
2891.33286923 0.00281772 0.00388619 -0.00106847
2891.35330095 0.00388690 0.00466803 -0.00078113
2891.37373266 0.00490726 0.00541638 -0.00050912
2891.41459610 0.00662355 0.00670766 -0.00008411
2891.43502781 0.00739019 0.00731347 0.00007672
2891.45545953 0.00810060 0.00793897 0.00016163
2891.47589125 0.00842350 0.00823373 0.00018977
2891.49632297 0.00849453 0.00842089 0.00007363
2891.51675468 0.00848565 0.00857967 -0.00009403
2891.53718640 0.00848038 0.00894154 -0.00046116
2891.55761812 0.00819724 0.00899514 -0.00079791
2891.57804984 0.00760191 0.00867017 -0.00106825
2891.59848166 0.00698067 0.00844187 -0.00146120
2891.61891338 0.00617838 0.00811497 -0.00193660
2891.63934500 0.00515715 0.00750273 -0.00234558
2891.65977682 0.00390851 0.00669113 -0.00278262
2891.68020854 0.00248467 0.00569338 -0.00320871
2891.70064016 0.00101009 0.00465638 -0.00364629
2891.72107198 0.00041367 0.00430297 -0.00388930
2891.74150370 -0.00103782 0.00335318 -0.00439100
2891.76193532 -0.00260071 0.00226985 -0.00487055
2891.78236714 -0.00413382 0.00129495 -0.00542877
2891.80279886 -0.00570877 0.00025800 -0.00596677
2891.82323068 -0.00736562 -0.00094106 -0.00642456
2891.84366230 -0.00896654 -0.00220897 -0.00675757
2891.86409403 -0.01042760 -0.00338682 -0.00704078
2891.90495747 -0.01300904 -0.00566120 -0.00734783
2891.92538919 -0.01398482 -0.00645953 -0.00752529
2891.94582102 -0.01476219 -0.00700624 -0.00775595
2891.96625264 -0.01539520 -0.00755498 -0.00784023
2891.98668446 -0.01564891 -0.00762345 -0.00802547
2892.00711619 -0.01568490 -0.00751212 -0.00817278
2892.02754781 -0.01544627 -0.00703161 -0.00841466
2892.04797963 -0.01546189 -0.00686041 -0.00860148
2892.06841136 -0.01589528 -0.00728684 -0.00860844
2892.08884298 -0.01677692 -0.00814494 -0.00863198
2892.10927481 -0.01757669 -0.00899513 -0.00858156
2892.15013816 -0.01772259 -0.00934487 -0.00837771
2892.17056998 -0.01767852 -0.00932579 -0.00835273
2892.19100171 -0.01760225 -0.00922799 -0.00837426
2892.21143344 -0.01754936 -0.00912054 -0.00842882
2892.23186516 -0.01601702 -0.00772316 -0.00829386
2892.25229689 -0.01434930 -0.00632336 -0.00802594
2892.27272872 -0.01271115 -0.00519317 -0.00751798
2892.29316034 -0.01100354 -0.00431928 -0.00668427
2892.39531908 -0.00816450 -0.00391747 -0.00424702
2892.41575071 -0.00638554 -0.00269674 -0.00368880
2892.43618254 -0.00326055 -0.00022398 -0.00303657
2892.45661427 0.00080881 0.00316786 -0.00235905
2892.47704590 0.00378911 0.00527785 -0.00148874
2892.64049984 -0.00237140 0.00021330 -0.00258470
2892.66093167 -0.00436433 -0.00106139 -0.00330294
2892.68136330 -0.00464759 -0.00134100 -0.00330659
2892.70179504 -0.00464759 -0.00134100 -0.00330659
2892.72222677 -0.00460387 -0.00143706 -0.00316681
2892.74265850 -0.00452434 -0.00143484 -0.00308950
2892.76309033 -0.00442705 -0.00141827 -0.00300878
2892.78352207 -0.00426971 -0.00137454 -0.00289517
2892.80395370 -0.00410424 -0.00131926 -0.00278498
2892.82438553 -0.00424513 -0.00147631 -0.00276881
2892.84481727 -0.00411774 -0.00157382 -0.00254392
2892.88568074 -0.00353148 -0.00146306 -0.00206841
2892.90611247 -0.00303956 -0.00119825 -0.00184131
2892.92654411 -0.00247713 -0.00085447 -0.00162266
2892.94697594 -0.00178425 -0.00040683 -0.00137742
2892.96740768 -0.00093234 0.00021044 -0.00114278
2892.98783951 0.00006985 0.00091038 -0.00084054
2893.00827115 0.00097647 0.00154726 -0.00057079
2893.02870288 0.00190780 0.00223221 -0.00032441
2893.04913472 0.00217685 0.00247938 -0.00030253
2893.06956636 0.00287368 0.00310128 -0.00022760
2893.08999809 0.00354464 0.00365226 -0.00010762
2893.11042993 0.00427504 0.00430395 -0.00002890
2893.13086157 0.00495753 0.00494166 0.00001587
2893.15129331 0.00562275 0.00562039 0.00000235
2893.17172514 0.00632827 0.00634003 -0.00001176
2893.19215678 0.00666513 0.00665095 0.00001419
2893.21258862 0.00717654 0.00725542 -0.00007888
2893.23302036 0.00761231 0.00771987 -0.00010755
2893.25345210 0.00793002 0.00813563 -0.00020561
2893.27388384 0.00780233 0.00810341 -0.00030108
2893.29431558 0.00738479 0.00781162 -0.00042683
2893.31474732 0.00695437 0.00746904 -0.00051467
2893.33517906 0.00655015 0.00717042 -0.00062026
2893.37604254 0.00623626 0.00699891 -0.00076265
2893.39647428 0.00594928 0.00658445 -0.00063517
2893.41690602 0.00582258 0.00647773 -0.00065515
2893.43733776 0.00566768 0.00636382 -0.00069614
2893.45776950 0.00536877 0.00607115 -0.00070239
2893.47820124 0.00498998 0.00570682 -0.00071684
2893.49863308 0.00452034 0.00517267 -0.00065232
2893.51906473 0.00376151 0.00431544 -0.00055393
2893.55992831 0.00306513 0.00355529 -0.00049016
2893.94813158 -0.00024107 -0.00725142 0.00701034
