#Time Flux Flux-Trend Trend
2849.79533245 0.95797101 0.96372339 -0.00575238
2849.81576428 0.95778222 0.96387265 -0.00609043
2849.83619600 0.95702003 0.96321616 -0.00619613
2849.85662763 0.95645678 0.96260881 -0.00615204
2849.87705946 0.95707525 0.96315999 -0.00608474
2849.89749119 0.95757213 0.96359452 -0.00602239
2849.91792291 0.95795815 0.96379981 -0.00584166
2849.93835464 0.96200321 0.96762333 -0.00562011
2849.95878637 0.97174456 0.97705948 -0.00531492
2849.97921809 0.98377936 0.98878925 -0.00500989
2849.99964982 0.99353265 0.99820253 -0.00466987
2850.02008154 0.99656575 1.00071988 -0.00415413
2850.04051337 0.99761051 1.00171031 -0.00409980
2850.06094499 0.99904072 1.00272697 -0.00368625
2850.08137672 1.00103657 1.00431864 -0.00328207
2850.10180854 1.00268497 1.00532784 -0.00264287
2850.12224017 1.00547123 1.00729927 -0.00182804
2850.14267189 1.00820970 1.00921026 -0.00100056
2850.16310372 1.00978774 1.00992207 -0.00013432
2850.18353534 1.01271674 1.01203649 0.00068024
2850.22439889 1.01289819 1.01074323 0.00215495
2850.24483051 1.01388401 1.01096901 0.00291500
2850.26526223 1.01589475 1.01227303 0.00362172
2850.28569406 1.01758083 1.01345539 0.00412545
2850.30612568 1.01879687 1.01429037 0.00450651
2850.32655740 1.01990915 1.01528833 0.00462082
2850.34698922 1.02117234 1.01650905 0.00466329
2850.36742085 1.02167124 1.01711992 0.00455132
2850.38785267 1.02141659 1.01699894 0.00441765
2850.40828439 1.02214180 1.01765546 0.00448634
2850.42871611 1.02209660 1.01765296 0.00444364
2850.44914783 1.02010696 1.01568324 0.00442372
2850.46957955 1.01929000 1.01495036 0.00433964
2850.49001127 1.01669879 1.01250750 0.00419129
2850.51044299 1.01472485 1.01056845 0.00415640
2850.53087471 1.01305003 1.00899510 0.00405493
2850.55130643 1.01103143 1.00746591 0.00356553
2850.57173825 1.00963344 1.00661439 0.00301905
2850.59216987 1.00676425 1.00445529 0.00230897
2850.61260159 1.00497057 1.00366254 0.00130803
2850.63303341 1.00393848 1.00348851 0.00044997
2850.65346503 1.00191322 1.00233382 -0.00042060
2850.67389685 1.00217599 1.00332941 -0.00115342
2850.71476018 0.99312738 0.99477766 -0.00165028
2850.73519200 0.98877273 0.99022092 -0.00144819
2850.75562372 0.98492540 0.98610713 -0.00118173
2850.77605533 0.98124461 0.98209004 -0.00084542
2850.79648715 0.97824805 0.97926252 -0.00101448
2850.81691887 0.97561414 0.97673369 -0.00111954
2850.83735048 0.97418041 0.97526064 -0.00108023
2850.85778230 0.97276803 0.97396171 -0.00119368
2850.87821392 0.96777625 0.96879629 -0.00102003
2850.89864563 0.94529138 0.94617526 -0.00088389
2850.91907745 0.91469139 0.91539344 -0.00070205
2850.93950916 0.88277942 0.88331067 -0.00053125
2850.95994078 0.86294678 0.86340642 -0.00045963
2850.98037259 0.85877710 0.85925664 -0.00047953
2851.00080431 0.85817015 0.85859142 -0.00042127
2851.02123602 0.85853506 0.85846429 0.00007077
2851.04166774 0.85780422 0.85785342 -0.00004920
2851.06209945 0.85809819 0.85818467 -0.00008649
2851.08253117 0.85831057 0.85843919 -0.00012862
2851.10296288 0.85899973 0.85912342 -0.00012368
2851.12339459 0.86220898 0.86216063 0.00004835
2851.14382641 0.87546005 0.87482618 0.00063387
2851.16425802 0.90567618 0.90437179 0.00130438
2851.20512154 0.96494465 0.96232637 0.00261828
2851.22555316 0.98139792 0.97819069 0.00320723
2851.24598487 0.98651779 0.98270880 0.00380899
2851.26641668 0.99173138 0.98768347 0.00404790
2851.28684829 0.99563338 0.99120585 0.00442753
2851.30728010 0.99971161 0.99454435 0.00516726
2851.32771181 1.00408206 0.99808145 0.00600061
2851.34814343 1.00767416 1.00097862 0.00669554
2851.36857524 1.00934987 1.00282261 0.00652725
2851.38900695 1.01020605 1.00309806 0.00710799
2851.40943866 1.01140534 1.00431605 0.00708929
2851.45030208 1.01074108 1.00450920 0.00623188
2851.47073379 1.01110848 1.00565009 0.00545839
2851.49116550 1.01221769 1.00754198 0.00467571
2851.51159721 1.01366844 1.00946365 0.00420480
2851.53202892 1.01600446 1.01315613 0.00284833
2851.55246062 1.01567115 1.01411374 0.00155741
2851.57289233 1.01588969 1.01567401 0.00021568
2851.59332394 1.01555213 1.01676301 -0.00121088
2851.61375575 1.01601324 1.01775893 -0.00174569
2851.63418746 1.01473502 1.01729490 -0.00255987
2851.65461926 1.01427678 1.01763320 -0.00335643
2851.69548258 1.01039201 1.01536412 -0.00497212
2851.71591439 1.00919201 1.01492470 -0.00573270
2851.73634599 1.00670775 1.01289360 -0.00618586
2851.75677770 1.00540603 1.01188729 -0.00648126
2851.77720951 1.00448143 1.01109331 -0.00661188
2851.79764111 1.00443406 1.01110038 -0.00666632
2851.81807282 1.00294181 1.00939535 -0.00645354
2851.83850462 1.00187729 1.00809432 -0.00621703
2851.85893623 1.00108990 1.00683903 -0.00574913
2851.87936794 1.00060154 1.00577723 -0.00517569
2851.89979974 1.00140773 1.00583050 -0.00442277
2851.92023135 1.00276613 1.00604603 -0.00327990
2851.94066305 1.00294971 1.00495307 -0.00200336
2851.96109486 1.00356890 1.00437855 -0.00080965
2851.98152656 1.00352661 1.00327414 0.00025247
2852.00195826 1.00407014 1.00327374 0.00079640
2852.02238997 1.00502428 1.00356365 0.00146063
2852.04282167 1.00625154 1.00428723 0.00196431
2852.06325347 1.00692844 1.00447030 0.00245814
2852.08368508 1.00922991 1.00652993 0.00269998
2852.10411678 1.00196307 0.99919605 0.00276702
2852.12454858 0.98908004 0.98627724 0.00280281
2852.14498019 0.97688136 0.97421973 0.00266163
2852.18584369 0.96140578 0.95962060 0.00178519
2852.20627529 0.96094755 0.95994864 0.00099890
2852.22670699 0.96090872 0.96072048 0.00018824
2852.24713880 0.96002741 0.96082602 -0.00079860
2852.26757040 0.95908743 0.96111715 -0.00202972
2852.28800210 0.95893612 0.96229133 -0.00335521
2852.30843380 0.95761943 0.96228752 -0.00466808
2852.32886550 0.95745491 0.96347932 -0.00602441
2852.34929730 0.95636919 0.96273811 -0.00636892
2852.36972890 0.95951677 0.96661589 -0.00709913
2852.39016060 0.97018321 0.97784625 -0.00766304
2852.41059240 0.98215990 0.99034367 -0.00818378
2852.43102410 0.99142081 1.00003896 -0.00861815
2852.45145570 0.99243987 1.00128685 -0.00884697
2852.47188750 0.99271200 1.00171775 -0.00900575
2852.49231920 0.99215985 1.00147544 -0.00931559
2852.51275080 0.99296776 1.00213016 -0.00916240
2852.53318260 0.99401187 1.00283677 -0.00882490
2852.55361429 0.99601219 1.00436563 -0.00835344
2852.57404589 0.99777503 1.00574855 -0.00797352
2852.59447769 0.99979239 1.00727875 -0.00748636
2852.61490939 1.00302754 1.01003197 -0.00700443
2852.63534099 1.00594579 1.01228380 -0.00633800
2852.67620448 1.01030813 1.01503808 -0.00472995
2852.69663628 1.01057211 1.01432768 -0.00375557
2852.71706787 1.01089132 1.01368091 -0.00278959
2852.73749957 1.01148312 1.01328096 -0.00179784
2852.75793137 1.01340683 1.01425103 -0.00084421
2852.77836296 1.01473917 1.01468715 0.00005201
2852.79879466 1.01635394 1.01559449 0.00075945
2852.81922646 1.01660745 1.01526897 0.00133849
2852.83965805 1.01796924 1.01651963 0.00144961
2852.86008975 1.01865577 1.01696111 0.00169466
2852.88052154 1.01912300 1.01706028 0.00206271
2852.90095324 1.01988522 1.01752971 0.00235551
2852.92138483 1.01992449 1.01731502 0.00260948
2852.94181663 1.01861417 1.01583313 0.00278104
2852.96224832 1.01663163 1.01367770 0.00295392
2852.98267991 1.01371292 1.01070622 0.00300670
2853.00311171 1.01050881 1.00738536 0.00312345
2853.02354340 1.00806423 1.00481265 0.00325158
2853.04397509 1.00572773 1.00260638 0.00312135
2853.06440679 1.00297621 0.99993198 0.00304423
2853.08483838 1.00073638 0.99785430 0.00288208
2853.10527017 0.99831126 0.99573895 0.00257231
2853.12570187 0.99681449 0.99451152 0.00230297
2853.14613346 0.99533777 0.99312605 0.00221171
2853.16656525 0.99435183 0.99230728 0.00204454
2853.18699694 0.99299544 0.99123180 0.00176365
2853.20742854 0.99015381 0.98878708 0.00136673
2853.22786033 0.98833650 0.98710289 0.00123361
2853.24829202 0.98593003 0.98568603 0.00024400
2853.26872371 0.98267542 0.98332437 -0.00064895
2853.28915540 0.97874398 0.98027926 -0.00153528
2853.30958709 0.96910430 0.97158406 -0.00247976
2853.33001878 0.94197656 0.94532724 -0.00335067
2853.35045047 0.90675179 0.91097720 -0.00422541
2853.37088216 0.87147783 0.87666073 -0.00518290
2853.41174564 0.84277459 0.85031270 -0.00753810
2853.43217723 0.84120552 0.85002709 -0.00882158
2853.45260902 0.84127839 0.85139115 -0.01011275
2853.47304071 0.84141091 0.85225970 -0.01084878
2853.49347230 0.84364879 0.85537922 -0.01173043
2853.51390409 0.84612337 0.85846601 -0.01234263
2853.53433578 0.84856218 0.86128261 -0.01272043
2853.55476737 0.85190127 0.86477042 -0.01286915
2853.57519916 0.86393981 0.87649501 -0.01255520
2853.59563084 0.89281602 0.90493862 -0.01212259
2853.61606243 0.92513638 0.93680275 -0.01166636
2853.65692591 0.96967917 0.98046766 -0.01078848
2853.67735749 0.97340023 0.98382476 -0.01042453
2853.69778928 0.97684343 0.98702767 -0.01018424
2853.71822097 0.97905169 0.98905860 -0.01000692
2853.73865266 0.98196651 0.99134984 -0.00938333
2853.75908434 0.98493507 0.99351988 -0.00858481
2853.77951603 0.98753414 0.99533839 -0.00780425
2853.79994771 0.99042507 0.99729131 -0.00686624
2853.82037940 0.99245794 0.99911549 -0.00665756
2853.84081109 0.99402694 1.00026023 -0.00623329
2853.86124277 0.99591328 1.00179586 -0.00588258
2853.88167446 0.99844262 1.00381119 -0.00536857
2853.90210614 1.00073819 1.00547707 -0.00473887
2853.92253783 1.00390552 1.00779968 -0.00389416
2853.94296951 1.00555033 1.00856686 -0.00301653
2853.96340120 1.00759093 1.01040968 -0.00281875
2853.98383298 1.01083699 1.01291504 -0.00207805
2854.00426457 1.01258184 1.01397030 -0.00138846
2854.02469625 1.01509634 1.01596392 -0.00086758
2854.04512803 1.01866875 1.01898066 -0.00031191
2854.06555962 1.02220989 1.02201339 0.00019650
2854.08599130 1.02439703 1.02381028 0.00058675
2854.10642308 1.02606371 1.02524550 0.00081821
2854.14728645 1.02218825 1.02080943 0.00137882
2854.16771813 1.02091976 1.01929037 0.00162939
2854.18814971 1.01866467 1.01679404 0.00187063
2854.20858150 1.01679385 1.01471564 0.00207821
2854.22901318 1.01418763 1.01200326 0.00218437
2854.24944486 1.01252340 1.01019593 0.00232747
2854.26987654 1.01208174 1.00975136 0.00233039
2854.29030822 1.00987795 1.00758780 0.00229016
2854.31073991 1.00950381 1.00684109 0.00266272
2854.33117159 1.00862582 1.00556705 0.00305877
2854.35160327 1.00884199 1.00506895 0.00377304
2854.37203495 1.00866167 1.00375240 0.00490928
2854.39246663 1.00984618 1.00374458 0.00610160
2854.41289831 1.01056525 1.00323881 0.00732644
2854.43332999 1.01097854 1.00253477 0.00844377
2854.45376167 1.01150510 1.00248955 0.00901556
2854.47419335 1.01273436 1.00272867 0.01000569
2854.49462513 1.01458737 1.00353898 0.01104839
2854.51505671 1.01683263 1.00479315 0.01203948
2854.53548839 1.01248832 0.99948698 0.01300133
2854.55592017 1.00230280 0.98825057 0.01405222
2854.57635175 0.98995009 0.97495514 0.01499494
2854.59678343 0.98348184 0.96772692 0.01575491
2854.63764678 0.97776304 0.96095060 0.01681244
2854.65807846 0.97864941 0.96150726 0.01714216
2854.67851024 0.97921412 0.96204424 0.01716988
2854.69894182 0.97945777 0.96255679 0.01690098
2854.71937349 0.98082714 0.96454382 0.01628332
2854.73980527 0.98119250 0.96570316 0.01548934
2854.76023685 0.98144982 0.96676497 0.01468485
2854.78066853 0.98145810 0.96751948 0.01393862
2854.80110030 0.98462005 0.97118042 0.01343963
2854.82153198 0.99389609 0.98110455 0.01279155
2854.84196366 1.00495225 0.99287464 0.01207761
2854.86239533 1.01315827 1.00189633 0.01126194
2854.88282701 1.01399577 1.00352481 0.01047096
2854.90325868 1.01249418 1.00293520 0.00955898
2854.92369036 1.01253180 1.00388669 0.00864511
2854.94412204 1.01181713 1.00407894 0.00773819
2854.96455381 1.01084177 1.00396590 0.00687587
2854.98498539 1.01045264 1.00424256 0.00621008
2855.00541706 1.01075020 1.00531233 0.00543786
2855.02584884 1.01097073 1.00632687 0.00464387
2855.04628041 1.01225754 1.00850968 0.00374786
2855.06671209 1.01331582 1.01047442 0.00284140
2855.08714386 1.01407020 1.01203043 0.00203977
2855.10757543 1.01461916 1.01344328 0.00117588
2855.12800721 1.01525213 1.01493164 0.00032049
2855.14843888 1.01628281 1.01690344 -0.00062063
2855.16887046 1.01533187 1.01683443 -0.00150256
2855.18930223 1.01426470 1.01611382 -0.00184912
2855.20973380 1.01270193 1.01522357 -0.00252164
2855.23016548 1.01099263 1.01416781 -0.00317517
2855.25059725 1.01080366 1.01453063 -0.00372698
2855.27102882 1.00877482 1.01300279 -0.00422796
2855.29146049 1.00701543 1.01176126 -0.00474583
2855.31189227 1.00422934 1.00933858 -0.00510924
2855.33232394 1.00334086 1.00897789 -0.00563703
2855.37318728 1.00501260 1.01135527 -0.00634267
2855.39361895 1.00462114 1.01106127 -0.00644014
2855.41405053 1.00372834 1.01017998 -0.00645165
2855.43448230 1.00242768 1.00900612 -0.00657844
2855.45491397 1.00099912 1.00699649 -0.00599737
2855.47534574 0.99825110 1.00384579 -0.00559469
2855.49577731 0.99597597 1.00096192 -0.00498596
2855.51620898 0.99433495 0.99873811 -0.00440316
2855.53664075 0.99327000 0.99759768 -0.00432768
2855.55707232 0.99169809 0.99557819 -0.00388011
2855.57750399 0.99031020 0.99357237 -0.00326217
2855.61836733 0.99143143 0.99373251 -0.00230108
2855.63879900 0.98793752 0.98990023 -0.00196271
2855.65923077 0.98485809 0.98692256 -0.00206447
2855.67966234 0.98182212 0.98369308 -0.00187097
2855.70009401 0.97922183 0.98075466 -0.00153283
2855.72052578 0.97792232 0.97920306 -0.00128074
2855.74095735 0.96954739 0.97047335 -0.00092596
2855.76138901 0.94412846 0.94471209 -0.00058363
2855.78182078 0.91091823 0.91142883 -0.00051060
2855.80225245 0.87725621 0.87788840 -0.00063219
2855.82268412 0.85693800 0.85798793 -0.00104992
2855.84311579 0.85429116 0.85582214 -0.00153098
2855.86354745 0.85386582 0.85586289 -0.00199706
2855.88397912 0.85401788 0.85594003 -0.00192216
2855.90441079 0.85648672 0.85847586 -0.00198913
2855.92484236 0.85734975 0.85965820 -0.00230845
2855.94527412 0.85817939 0.86161460 -0.00343521
2855.96570579 0.85946998 0.86397014 -0.00450015
2855.98613746 0.85893668 0.86451724 -0.00558056
2856.00656912 0.86981017 0.87626830 -0.00645812
2856.02700079 0.89814017 0.90569308 -0.00755291
2856.10872735 0.96881828 0.98109571 -0.01227744
2856.12915912 0.96995844 0.98313464 -0.01317620
2856.14959078 0.97107500 0.98506286 -0.01398787
2856.17002255 0.97247778 0.98642377 -0.01394600
2856.19045411 0.97459587 0.98817669 -0.01358082
2856.21088578 0.97677599 0.98988568 -0.01310968
2856.23131754 0.97927303 0.99166320 -0.01239017
2856.25174911 0.98352305 0.99510290 -0.01157985
2856.27218077 0.98711235 0.99786485 -0.01075250
2856.29261253 0.99203355 1.00187748 -0.00984394
2856.31304420 0.99590414 1.00460933 -0.00870519
2856.33347576 0.99986689 1.00735105 -0.00748416
2856.35390753 1.00383849 1.01004679 -0.00620830
2856.37433919 1.00818402 1.01306842 -0.00488441
2856.39477075 1.01077271 1.01438390 -0.00361119
2856.41520251 1.01547537 1.01815585 -0.00268048
2856.43563418 1.01849912 1.02010640 -0.00160729
2856.45606574 1.02081131 1.02160077 -0.00078946
2856.47649750 1.02269538 1.02281168 -0.00011630
2856.49692917 1.02449698 1.02402945 0.00046753
2856.51736093 1.02229444 1.02148480 0.00080964
2856.53779249 1.02315713 1.02235166 0.00080547
2856.55822415 1.02211349 1.02137623 0.00073726
2856.59908747 1.01770453 1.01773229 -0.00002776
2856.61951914 1.01593630 1.01679372 -0.00085742
2856.63995090 1.01407565 1.01599497 -0.00191932
2856.66038246 1.01194431 1.01522650 -0.00328218
2856.68081412 1.00984821 1.01451056 -0.00466235
2856.70124578 1.00802695 1.01412882 -0.00610188
2856.72167744 1.00575629 1.01336098 -0.00760469
2856.74210910 1.00311245 1.01225796 -0.00914551
2856.76254076 1.00029691 1.01002816 -0.00973125
2856.78297242 0.99646610 1.00728535 -0.01081926
2856.80340408 0.99290386 1.00454662 -0.01164276
2856.82383584 0.98932722 1.00178967 -0.01246245
2856.84426740 0.98769145 1.00084824 -0.01315679
2856.86469916 0.98478662 0.99866344 -0.01387682
2856.88513082 0.98428472 0.99857609 -0.01429138
2856.90556238 0.98303150 0.99772763 -0.01469612
2856.92599414 0.98312984 0.99800732 -0.01487748
2856.94642580 0.98253974 0.99742140 -0.01488166
2856.96685735 0.97620738 0.99084153 -0.01463415
2856.98728911 0.96522698 0.97929824 -0.01407126
2857.00772077 0.95473212 0.96800203 -0.01326991
2857.02815233 0.94907411 0.96153239 -0.01245828
2857.04858409 0.94956230 0.96105121 -0.01148891
2857.06901575 0.95051290 0.96117174 -0.01065884
2857.08944730 0.95200179 0.96176304 -0.00976125
2857.10987906 0.95483207 0.96383310 -0.00900103
2857.13031072 0.95588324 0.96408104 -0.00819781
2857.15074248 0.95783000 0.96560174 -0.00777174
2857.17117403 0.95923747 0.96577127 -0.00653380
2857.19160569 0.96002288 0.96544903 -0.00542615
2857.21203745 0.96155919 0.96588402 -0.00432483
2857.23246900 0.96541992 0.96888262 -0.00346270
2857.25290066 0.97503394 0.97772748 -0.00269355
2857.27333241 0.98573043 0.98771489 -0.00198446
2857.29376407 0.99666147 0.99805632 -0.00139485
2857.33462738 1.00749112 1.00796449 -0.00047337
2857.35505904 1.00820259 1.00840433 -0.00020174
2857.37549059 1.00740072 1.00737606 0.00002466
2857.39592235 1.00732186 1.00712217 0.00019969
2857.41635390 1.00686638 1.00625600 0.00061038
2857.43678556 1.00780883 1.00679528 0.00101355
2857.45721731 1.00991831 1.00864359 0.00127472
2857.47764887 1.01077045 1.00950915 0.00126131
2857.49808062 1.01165481 1.01077675 0.00087806
2857.51851228 1.01167163 1.01146697 0.00020467
2857.53894383 1.01187303 1.01232339 -0.00045035
2857.60023879 1.01383698 1.01628866 -0.00245168
2857.62067055 1.01183264 1.01493599 -0.00310335
2857.64110220 1.01050719 1.01429163 -0.00378443
2857.66153385 1.00960179 1.01416228 -0.00456050
2857.68196551 1.00891456 1.01421257 -0.00529802
2857.70239716 1.00833062 1.01432589 -0.00599526
2857.72282881 1.00631285 1.01307041 -0.00675756
2857.74326046 1.00565980 1.01256357 -0.00690376
2857.76369212 1.00448689 1.01159630 -0.00710941
2857.78412377 1.00439087 1.01218250 -0.00779163
2857.80455552 1.00416541 1.01246118 -0.00829577
2857.82498707 1.00233908 1.01105645 -0.00871737
2857.84541883 0.99996661 1.00914145 -0.00917484
2857.86585048 0.99798294 1.00761512 -0.00963219
2857.88628203 0.99567660 1.00562666 -0.00995007
2857.90671378 0.99288231 1.00315030 -0.01026800
2857.92714543 0.99146798 1.00206338 -0.01059539
2857.94757698 0.98957908 1.00047823 -0.01089915
2857.96800873 0.98776392 0.99893301 -0.01116910
2857.98844038 0.98544595 0.99678370 -0.01133774
2858.00887194 0.98287238 0.99398216 -0.01110978
2858.02930369 0.97992264 0.99047246 -0.01054981
2858.04973534 0.97868693 0.98864757 -0.00996064
2858.07016689 0.97666043 0.98603030 -0.00936987
2858.09059864 0.97359895 0.98274084 -0.00914190
2858.11103029 0.97104206 0.97975347 -0.00871141
2858.13146204 0.97054743 0.97868270 -0.00813527
2858.15189359 0.96955988 0.97712707 -0.00756719
2858.17232524 0.96453205 0.97154003 -0.00700798
2858.19275689 0.94290648 0.94926570 -0.00635921
2858.21318853 0.91108785 0.91670837 -0.00562052
2858.23362018 0.87820347 0.88313905 -0.00493558
2858.25405183 0.85766374 0.86209618 -0.00443245
2858.27448348 0.85424822 0.85808052 -0.00383229
2858.29491513 0.85343299 0.85655672 -0.00312373
2858.31534678 0.85411821 0.85649488 -0.00237667
2858.33577843 0.85499113 0.85665176 -0.00166063
2858.35621007 0.85617993 0.85748070 -0.00130077
2858.37664182 0.85796326 0.85943024 -0.00146699
2858.39707337 0.86064024 0.86169939 -0.00105915
2858.56052665 0.98892998 0.98995251 -0.00102254
2858.58095820 0.99005085 0.99202758 -0.00197672
2858.60138994 0.99079668 0.99344669 -0.00265000
2858.62182159 0.99232052 0.99545958 -0.00313906
2858.64225323 0.99345815 0.99713285 -0.00367470
2858.66268488 0.99480610 0.99896732 -0.00416122
2858.68311653 0.99627905 1.00090119 -0.00462214
2858.70354817 0.99703717 1.00207764 -0.00504047
2858.72397982 0.99801332 1.00339911 -0.00538579
2858.74441146 0.99798523 1.00422730 -0.00624207
2858.76484321 0.99843530 1.00541631 -0.00698101
2858.78527485 0.99977284 1.00719944 -0.00742661
2858.80570640 1.00099501 1.00870242 -0.00770741
2858.82613804 1.00252507 1.01036996 -0.00784490
2858.84656979 1.00372984 1.01147166 -0.00774182
2858.86700133 1.00452342 1.01199328 -0.00746986
2858.88743308 1.00647796 1.01349002 -0.00701206
2858.90786462 1.00779233 1.01418413 -0.00639180
2858.92829627 1.00967836 1.01504611 -0.00536775
2858.94872801 1.01157700 1.01574100 -0.00416400
2858.96915955 1.01315728 1.01611676 -0.00295948
2858.98959120 1.01446827 1.01590173 -0.00143347
2859.01002294 1.01574064 1.01560792 0.00013272
2859.03045448 1.01753406 1.01566149 0.00187257
2859.05088613 1.01964983 1.01597444 0.00367539
2859.07131787 1.01979355 1.01431126 0.00548229
2859.09174941 1.02198616 1.01472371 0.00726245
2859.11218116 1.02334171 1.01504426 0.00829744
2859.13261280 1.02433654 1.01435783 0.00997871
2859.15304434 1.02585114 1.01436228 0.01148887
2859.17347608 1.02579294 1.01303372 0.01275922
2859.19390773 1.02616699 1.01231031 0.01385668
2859.21433937 1.02665637 1.01191577 0.01474060
2859.23477101 1.02606068 1.01049481 0.01556587
2859.25520265 1.02632005 1.01016189 0.01615816
2859.29606594 1.02329171 1.00710420 0.01618751
2859.31649758 1.02228396 1.00637224 0.01591172
2859.33692922 1.02013064 1.00490890 0.01522174
2859.35736096 1.01793235 1.00277177 0.01516058
2859.37779250 1.01515905 1.00094673 0.01421232
2859.39822424 1.00781345 0.99479125 0.01302219
2859.41865588 0.99456796 0.98288031 0.01168765
2859.43908742 0.98051402 0.97035867 0.01015535
2859.45951917 0.97130318 0.96206457 0.00923861
2859.47995081 0.96837899 0.96070534 0.00767366
2859.50038235 0.96637387 0.96040761 0.00596627
2859.54124563 0.96616259 0.96318732 0.00297527
2859.56167727 0.96377345 0.96210462 0.00166884
2859.58210901 0.96155269 0.96120991 0.00034278
2859.60254065 0.95985582 0.96059504 -0.00073923
2859.62297219 0.95842804 0.95999958 -0.00157154
2859.64340392 0.95858040 0.96061245 -0.00203206
2859.66383546 0.96186072 0.96420959 -0.00234887
2859.68426710 0.97180866 0.97416145 -0.00235279
2859.70469884 0.98503525 0.98690025 -0.00186501
2859.72513048 0.99489499 0.99656440 -0.00166941
2859.74556212 0.99801845 0.99916636 -0.00114791
2859.76599376 1.00005272 1.00045215 -0.00039943
2859.78642540 1.00339117 1.00284266 0.00054851
2859.80685704 1.00559155 1.00395920 0.00163235
2859.82728867 1.00828417 1.00550363 0.00278054
2859.84772031 1.01141861 1.00728478 0.00413383
2859.86815205 1.01316959 1.00765133 0.00551826
2859.88858359 1.01638264 1.00953543 0.00684721
2859.90901523 1.01987752 1.01171474 0.00816277
2859.92944696 1.02274734 1.01328297 0.00946437
2859.94987850 1.02511583 1.01447892 0.01063691
2859.97031014 1.02612876 1.01446221 0.01166655
2859.99074188 1.02748954 1.01494816 0.01254138
2860.01117341 1.02803786 1.01483326 0.01320459
2860.03160515 1.02956070 1.01598707 0.01357364
2860.05203679 1.03085258 1.01712529 0.01372728
2860.07246832 1.03192422 1.01825422 0.01367000
2860.09290006 1.03197907 1.01869276 0.01328631
2860.11333170 1.03153544 1.01886792 0.01266752
2860.13376323 1.03089019 1.01892899 0.01196120
2860.15419497 1.02899299 1.01794272 0.01105027
2860.17462660 1.02707714 1.01691919 0.01015794
2860.19505824 1.02408607 1.01505163 0.00903444
2860.21548988 1.02106451 1.01334983 0.00771468
2860.23592151 1.01864384 1.01239262 0.00625122
2860.25635315 1.01530551 1.01061180 0.00469370
2860.27678478 1.01134282 1.00837991 0.00296291
2860.29721642 1.00846927 1.00723963 0.00122964
2860.31764805 1.00438410 1.00476904 -0.00038494
2860.33807969 1.00116130 1.00252087 -0.00135957
2860.35851132 0.99663856 0.99957949 -0.00294093
2860.37894306 0.99293312 0.99730507 -0.00437195
2860.39937459 0.98940228 0.99512917 -0.00572689
2860.41980623 0.98596935 0.99289864 -0.00692929
2860.44023796 0.98219862 0.98996045 -0.00776183
2860.46066950 0.97950602 0.98772167 -0.00821565
2860.48110113 0.97786006 0.98650603 -0.00864597
2860.52196440 0.97520379 0.98479171 -0.00958791
2860.54239603 0.97193673 0.98205271 -0.01011598
2860.56282777 0.96931561 0.97978983 -0.01047422
2860.58325930 0.96725914 0.97807691 -0.01081778
2860.60369103 0.96085220 0.97198671 -0.01113450
2860.62412267 0.93786116 0.94908736 -0.01122621
2860.64455420 0.90563728 0.91675672 -0.01111945
2860.66498593 0.87230882 0.88328543 -0.01097661
2860.68541757 0.85013189 0.86115321 -0.01102131
2860.70584920 0.84357815 0.85425184 -0.01067369
2860.72628083 0.84141935 0.85154844 -0.01012909
2860.74671246 0.84105838 0.85062591 -0.00956753
2860.76714410 0.84167191 0.85080146 -0.00912956
2860.78757573 0.84377461 0.85254047 -0.00876585
2860.80800736 0.84751377 0.85608109 -0.00856732
2860.82843899 0.85128786 0.85974783 -0.00845997
2860.84887072 0.85552720 0.86386527 -0.00833807
2860.86930226 0.87157459 0.87963619 -0.00806160
2860.88973399 0.90278950 0.91050334 -0.00771384
2860.91016562 0.93584430 0.94318894 -0.00734464
2860.93059715 0.96302458 0.96999199 -0.00696740
2860.95102888 0.97581570 0.98243151 -0.00661581
2860.97146051 0.97878977 0.98511150 -0.00632173
2860.99189205 0.98091690 0.98702736 -0.00611046
2861.01232378 0.98288964 0.98902576 -0.00613613
2861.03275531 0.98414854 0.99014595 -0.00599741
2861.05318694 0.98622272 0.99240189 -0.00617917
2861.07361867 0.98823452 0.99489882 -0.00666430
2861.09405020 0.99056983 0.99771280 -0.00714297
2861.11448183 0.99137618 0.99892350 -0.00754732
2861.13491356 0.99360355 1.00167419 -0.00807064
2861.15534509 0.99611547 1.00488995 -0.00877448
2861.17577672 0.99735704 1.00674889 -0.00939185
2861.19620845 0.99888174 1.00896510 -0.01008336
2861.21664008 1.00000067 1.01065520 -0.01065453
2861.23707171 1.00066657 1.01188815 -0.01122158
2861.25750334 1.00210965 1.01393124 -0.01182160
2861.27793497 1.00335212 1.01565427 -0.01230215
2861.29836660 1.00417261 1.01687744 -0.01270482
2861.31879823 1.00408566 1.01705192 -0.01296626
2861.33922946 1.00417755 1.01766889 -0.01349135
2861.35966119 1.00364501 1.01743317 -0.01378816
2861.38009282 1.00300619 1.01704492 -0.01403873
2861.40052434 1.00245869 1.01669820 -0.01423950
2861.42095607 1.00171133 1.01580427 -0.01409294
2861.44138770 1.00192165 1.01574542 -0.01382377
2861.46181923 1.00144448 1.01480777 -0.01336329
2861.50268259 1.00002384 1.01200720 -0.01198336
2861.52311422 1.00040853 1.01135731 -0.01094879
2861.54354584 0.99970052 1.00926489 -0.00956437
2861.56397737 1.00122344 1.00922368 -0.00800023
2861.58440910 1.00225783 1.00853445 -0.00627662
2861.60484073 1.00306081 1.00757515 -0.00451433
2861.62527226 1.00375473 1.00639359 -0.00263886
2861.64570398 1.00450469 1.00513915 -0.00063446
2861.66613561 1.00644456 1.00590716 0.00053740
2861.68656724 1.00940561 1.00680871 0.00259690
2861.70699886 1.01130293 1.00679359 0.00450934
2861.72743049 1.01313757 1.00690544 0.00623213
2861.74786212 1.01461731 1.00675704 0.00786028
2861.76829375 1.01527460 1.00607657 0.00919804
2861.78872537 1.01663645 1.00624927 0.01038718
2861.80915710 1.01728979 1.00599114 0.01129865
2861.82958873 1.01179906 0.99983199 0.01196707
2861.85002025 1.00068130 0.98791555 0.01276575
2861.87045198 0.98757743 0.97413639 0.01344104
2861.89088360 0.97998261 0.96602532 0.01395729
2861.91131513 0.97700852 0.96367787 0.01333065
2861.93174686 0.97597618 0.96372751 0.01224868
2861.95217848 0.97467246 0.96362418 0.01104828
2861.97261001 0.97283612 0.96328159 0.00955453
2861.99304173 0.97062158 0.96279100 0.00783058
2862.07476824 0.96352356 0.96361801 -0.00009445
2862.09519996 0.96552611 0.96808110 -0.00255499
2862.11563149 0.97393244 0.97888825 -0.00495581
2862.13606311 0.98459021 0.99190467 -0.00731446
2862.15649484 0.99236549 1.00194581 -0.00958032
2862.17692636 0.99187967 1.00356286 -0.01168319
2862.19735799 0.99079081 1.00302178 -0.01223097
2862.23822123 0.98926281 1.00252904 -0.01326623
2862.25865286 0.98928883 1.00379477 -0.01450594
2862.27908458 0.98940164 1.00480620 -0.01540456
2862.29951611 0.98903979 1.00520280 -0.01616300
2862.31994773 0.98987479 1.00670965 -0.01683486
2862.34037946 0.99002967 1.00738276 -0.01735309
2862.36081098 0.99055777 1.00809023 -0.01753247
2862.38124270 0.99068257 1.00816997 -0.01748740
2862.40167433 0.99156908 1.00860515 -0.01703607
2862.42210585 0.99299207 1.00949256 -0.01650049
2862.44253757 0.99441593 1.01021434 -0.01579841
2862.46296920 0.99635310 1.01136492 -0.01501182
2862.48340072 0.99668942 1.01071125 -0.01402183
2862.50383244 0.99878553 1.01167315 -0.01288762
2862.52426407 1.00084190 1.01252632 -0.01168442
2862.54469559 1.00308164 1.01339327 -0.01031163
2862.56512731 1.00487683 1.01359748 -0.00872064
2862.58555893 1.00686323 1.01401498 -0.00715175
2862.60599066 1.00864708 1.01403225 -0.00538516
2862.62642218 1.00944909 1.01312482 -0.00367574
2862.64685380 1.01108847 1.01312688 -0.00203841
2862.66728552 1.01238878 1.01281502 -0.00042624
2862.68771705 1.01264624 1.01155324 0.00109300
2862.70814867 1.01327498 1.01079520 0.00247978
2862.72858039 1.01304006 1.00938636 0.00365370
2862.74901191 1.01240486 1.00768669 0.00471817
2862.76944353 1.01219189 1.00673640 0.00545548
2862.78987526 1.01171163 1.00564068 0.00607096
2862.81030688 1.01064626 1.00400353 0.00664273
2862.83073840 1.00830874 1.00128870 0.00702004
2862.85117012 1.00603394 0.99863271 0.00740123
2862.87160174 1.00441527 0.99668041 0.00773486
2862.89203336 1.00134826 0.99335389 0.00799437
2862.91246498 0.99815584 0.99005305 0.00810279
2862.93289651 0.99520721 0.98699305 0.00821415
2862.95332823 0.99354126 0.98545979 0.00808147
2862.97375985 0.99055075 0.98263828 0.00791248
2862.99419147 0.98844291 0.98072655 0.00771636
2863.01462309 0.98699897 0.97947058 0.00752838
2863.03505471 0.97732283 0.97001604 0.00730679
2863.05548623 0.95152632 0.94505139 0.00647492
2863.21893929 0.85955180 0.85354618 0.00600563
2863.23937101 0.86277901 0.85725163 0.00552738
2863.25980253 0.86679379 0.86126640 0.00552738
2863.28023415 0.87224034 0.86671296 0.00552738
2863.30066587 0.88812591 0.87827911 0.00984680
2863.46411892 1.02239380 0.99105299 0.03134081
2863.48455044 1.02528080 0.99158934 0.03369146
2863.50498206 1.02856173 0.99499980 0.03356193
2863.52541378 1.03226447 0.99899354 0.03327093
2863.54584529 1.03402717 1.00121605 0.03281112
2863.56627691 1.03676401 1.00450872 0.03225529
2863.58670863 1.03890304 1.00736142 0.03154163
2863.60714015 1.04082208 1.01008548 0.03073660
2863.62757177 1.04212483 1.01236205 0.02976278
2863.64800348 1.04301471 1.01442976 0.02858495
2863.66843500 1.04369636 1.01644943 0.02724693
2863.68886662 1.04381664 1.01818489 0.02563175
2863.70929824 1.04255593 1.01874722 0.02380871
2863.72972985 1.04126464 1.01952967 0.02173497
2863.75016157 1.03932111 1.01995250 0.01936861
2863.77059309 1.03653512 1.01971958 0.01681553
2863.79102471 1.03354050 1.01934500 0.01419549
2863.81145642 1.03058547 1.01917519 0.01141028
2863.83188804 1.02820086 1.01984339 0.00835747
2863.85231956 1.02475334 1.01936620 0.00538714
2863.87275127 1.02052581 1.01817247 0.00235335
2863.89318289 1.01540402 1.01595175 -0.00054774
2863.91361441 1.01125814 1.01464020 -0.00338206
2863.93404612 1.00750975 1.01361185 -0.00610210
2863.95447774 1.00367911 1.01241891 -0.00873980
2863.97490926 0.99921717 1.01034860 -0.01113143
2863.99534097 0.99526659 1.00864048 -0.01337390
2864.01577259 0.99211268 1.00755040 -0.01543771
2864.03620431 0.98856172 1.00588239 -0.01732067
2864.05663582 0.98595530 1.00483669 -0.01888139
2864.07706744 0.98398809 1.00411224 -0.02012416
2864.09749915 0.98204232 1.00294730 -0.02090498
2864.11793067 0.98010055 1.00165546 -0.02155491
2864.13836229 0.97801956 0.99992975 -0.02191019
2864.15879400 0.97722990 0.99940781 -0.02217790
2864.17922552 0.97735491 0.99939755 -0.02204264
2864.19965713 0.97760573 0.99938597 -0.02178024
2864.22008885 0.97842711 0.99970100 -0.02127389
2864.24052036 0.97819033 0.99883061 -0.02064028
2864.26095198 0.97366553 0.99414870 -0.02048317
2864.28138369 0.96249220 0.98188285 -0.01939065
2864.30181531 0.95248115 0.97074251 -0.01826136
2864.32224692 0.94565129 0.96272919 -0.01707789
2864.34267854 0.94609210 0.96193976 -0.01584767
2864.36311015 0.94736684 0.96205696 -0.01469012
2864.38354177 0.94844380 0.96186566 -0.01342187
2864.40397338 0.95028914 0.96250362 -0.01221449
2864.44483661 0.95422611 0.96433530 -0.01010920
2864.46526823 0.95383559 0.96303958 -0.00920399
2864.48569974 0.95494705 0.96346055 -0.00851349
2864.50613146 0.95609703 0.96398080 -0.00788377
2864.52656307 0.96177553 0.96874682 -0.00697129
2864.54699458 0.97311301 0.97936851 -0.00625550
2864.56742630 0.98664319 0.99227306 -0.00562987
2864.58785791 0.99649695 1.00165481 -0.00515786
2864.60828963 0.99833720 1.00350451 -0.00516731
2864.62872114 0.99841679 1.00347683 -0.00506004
2864.64915275 0.99912425 1.00408408 -0.00495983
2864.69001598 1.00431715 1.00913081 -0.00481366
2864.71044760 1.00364101 1.00833784 -0.00469683
2864.73087931 1.00368485 1.00830259 -0.00461775
2864.75131082 1.00467419 1.00926839 -0.00459420
2864.77174244 1.00427067 1.00884958 -0.00457890
2864.79217415 1.00487312 1.00931193 -0.00443881
2864.81260576 1.00551662 1.00974756 -0.00423094
2864.83303738 1.00623178 1.01020497 -0.00397320
2864.85346899 1.00671133 1.01048038 -0.00376904
2864.87390060 1.00799169 1.01160511 -0.00361342
2864.89433221 1.00998729 1.01330040 -0.00331311
2864.91476383 1.01070173 1.01355520 -0.00285347
2864.93519544 1.01186610 1.01422830 -0.00236220
2864.95562715 1.01274500 1.01457234 -0.00182734
2864.97605867 1.01349402 1.01456101 -0.00106699
2864.99649028 1.01330979 1.01403674 -0.00072695
2865.01692199 1.01320414 1.01303150 0.00017265
2865.03735350 1.01426568 1.01295475 0.00131094
2865.05778511 1.01521495 1.01287068 0.00234427
2865.07821673 1.01641908 1.01316496 0.00325413
2865.09864834 1.01571041 1.01152673 0.00418368
2865.11908005 1.01488842 1.00978108 0.00510734
2865.13951156 1.01639525 1.01047518 0.00592007
2865.18037489 1.01427344 1.00691427 0.00735917
2865.20080640 1.01239313 1.00447242 0.00792071
2865.22123801 1.01167077 1.00333111 0.00833966
2865.24166972 1.00999776 1.00124038 0.00875739
2865.26210123 1.00875808 0.99975293 0.00900514
2865.28253285 1.00687750 0.99761019 0.00926731
2865.30296456 1.00465343 0.99501276 0.00964067
2865.32339607 1.00170846 0.99177853 0.00992992
2865.34382768 0.99978686 0.98986319 0.00992366
2865.36425939 0.99725204 0.98725462 0.00999742
2865.38469100 0.99482558 0.98494045 0.00988513
2865.42555422 0.99077483 0.98101533 0.00975951
2865.44598584 0.98797849 0.97832457 0.00965392
2865.46641745 0.97973307 0.97025013 0.00948294
2865.48684906 0.95490054 0.94560273 0.00929781
2865.50728067 0.92071344 0.91329843 0.00741501
2865.67073355 0.85144317 0.86048462 -0.00904145
2865.69116526 0.85143205 0.86300440 -0.01157235
2865.71159677 0.85334798 0.86529497 -0.01194699
2865.73202838 0.86639520 0.87877124 -0.01237604
2865.75246009 0.89585351 0.90854093 -0.01268742
2865.77289160 0.92846183 0.94129395 -0.01283212
2865.79332321 0.95520439 0.96824726 -0.01304287
2865.81375492 0.96642536 0.97956844 -0.01314308
2865.83418643 0.96648210 0.97963711 -0.01315501
2865.85461804 0.96844653 0.98185864 -0.01341210
2865.87504975 0.97091253 0.98445247 -0.01353995
2865.89548136 0.97328821 0.98664925 -0.01336104
2865.91591297 0.97638499 0.98944184 -0.01305685
2865.93634458 0.97946058 0.99228872 -0.01282814
2865.95677619 0.98173298 0.99430403 -0.01257106
2865.97720780 0.98491269 0.99745797 -0.01254528
2865.99763941 0.98802477 0.99992931 -0.01190454
2866.01807102 0.99087433 1.00204621 -0.01117188
2866.03850273 0.99483590 1.00504793 -0.01021203
2866.05893423 0.99831238 1.00754162 -0.00922924
2866.07936584 1.00204394 1.01008458 -0.00804064
2866.09979755 1.00486576 1.01171598 -0.00685022
2866.12022906 1.00634280 1.01203978 -0.00569698
2866.16109238 1.01286420 1.01612215 -0.00325795
2866.18152389 1.01523179 1.01739764 -0.00216585
2866.20195560 1.01716204 1.01826915 -0.00110711
2866.22238720 1.01884120 1.01889949 -0.00005829
2866.24281871 1.02055876 1.01964034 0.00091841
2866.26325042 1.02117167 1.01961393 0.00155774
2866.28368203 1.02183054 1.01957101 0.00225953
2866.30411354 1.02105491 1.01810983 0.00294508
2866.32454525 1.02132198 1.01827314 0.00304884
2866.34497686 1.02087774 1.01744974 0.00342800
2866.36540846 1.02073611 1.01713541 0.00360069
2866.38584007 1.01994384 1.01630140 0.00364244
2866.40627168 1.01845780 1.01488157 0.00357622
2866.42670329 1.01752837 1.01417932 0.00334905
2866.44713490 1.01609199 1.01298162 0.00311037
2866.46756650 1.01470369 1.01163260 0.00307109
2866.48799811 1.01294300 1.01035727 0.00258573
2866.50842972 1.01123150 1.00925325 0.00197825
2866.52886133 1.00809971 1.00673897 0.00136074
2866.54929303 1.00686826 1.00628373 0.00058453
2866.56972454 1.00376067 1.00389911 -0.00013843
2866.59015615 1.00228940 1.00317898 -0.00088959
2866.61058786 1.00213849 1.00367519 -0.00153670
2866.65145107 0.99832685 1.00130258 -0.00297574
2866.67188268 0.99634177 1.00005806 -0.00371629
2866.69231419 0.98760562 0.99196031 -0.00435469
2866.71274589 0.97520371 0.97991663 -0.00471292
2866.73317750 0.96357752 0.96840142 -0.00482390
2866.75360901 0.95746672 0.96228572 -0.00481900
2866.77404072 0.95544748 0.96012593 -0.00467845
2866.79447232 0.95468244 0.95936073 -0.00467829
2866.81490383 0.95456293 0.95892093 -0.00435800
2866.83533554 0.95420924 0.95825153 -0.00404229
2866.85576714 0.95532675 0.95895892 -0.00363217
2866.89663036 0.96048940 0.96297406 -0.00248466
2866.91706196 0.96106020 0.96298920 -0.00192900
2866.93749367 0.96260031 0.96383239 -0.00123208
2866.95792518 0.96684453 0.96740354 -0.00055901
2866.97835678 0.97790243 0.97770812 0.00019431
2866.99878849 0.99102347 0.99003176 0.00099171
2867.01922010 1.00114470 0.99941567 0.00172904
2867.03965160 1.00457644 1.00212449 0.00245196
2867.06008331 1.00570114 1.00307881 0.00262233
2867.08051492 1.00722339 1.00430049 0.00292290
2867.10094642 1.00973608 1.00646450 0.00327158
2867.12137813 1.01052356 1.00710571 0.00341785
2867.14180963 1.01205110 1.00837799 0.00367311
2867.16224134 1.01311881 1.00930392 0.00381489
2867.18267295 1.01347109 1.00951685 0.00395424
2867.20310445 1.01478718 1.01067902 0.00410816
2867.22353616 1.01587210 1.01182511 0.00404699
2867.24396776 1.01637376 1.01259656 0.00377720
2867.26439927 1.01702557 1.01355339 0.00347218
2867.28483098 1.01653857 1.01347982 0.00305874
2867.30526258 1.01704216 1.01447134 0.00257082
2867.32569409 1.01770726 1.01577009 0.00193717
2867.34612579 1.01871806 1.01750971 0.00120835
2867.38698910 1.01649680 1.01693912 -0.00044232
2867.40742061 1.01443600 1.01584533 -0.00140933
2867.42785222 1.01359488 1.01578446 -0.00218958
2867.44828392 1.01271057 1.01537324 -0.00266267
2867.46871543 1.01101087 1.01437545 -0.00336457
2867.48914703 1.00928511 1.01350135 -0.00421625
2867.50957874 1.00723416 1.01236803 -0.00513386
2867.53001034 1.00440183 1.01045061 -0.00604878
2867.55044185 1.00226084 1.00855256 -0.00629172
2867.57087355 0.99931295 1.00621604 -0.00690309
2867.59130516 0.99824375 1.00568245 -0.00743870
2867.63216837 0.99292958 1.00132943 -0.00839985
2867.65259997 0.99079621 0.99959260 -0.00879639
2867.67303168 0.98864093 0.99754700 -0.00890607
2867.69346318 0.98730312 0.99625748 -0.00895436
2867.71389479 0.98524191 0.99398727 -0.00874536
2867.73432639 0.98445719 0.99267430 -0.00821711
2867.75475800 0.98195763 0.98931765 -0.00736002
2867.77518960 0.98002654 0.98656934 -0.00654280
2867.79562131 0.97793404 0.98385621 -0.00592217
2867.81605281 0.97701604 0.98251411 -0.00549807
2867.83648442 0.97679248 0.98174165 -0.00494917
2867.85691602 0.97547179 0.97988547 -0.00441368
2867.87734763 0.97540877 0.97933685 -0.00392809
2867.89777933 0.96932340 0.97287247 -0.00354907
2867.91821083 0.94671886 0.94994394 -0.00322508
2867.93864244 0.91550833 0.91833758 -0.00282925
2867.95907414 0.88257045 0.88491720 -0.00234676
2867.97950565 0.86083608 0.86268582 -0.00184974
2867.99993725 0.85614769 0.85735161 -0.00120392
2868.02036896 0.85276454 0.85320133 -0.00043679
2868.04080056 0.85179415 0.85144036 0.00035379
2868.06123206 0.85195120 0.85106879 0.00088241
2868.08166377 0.85323522 0.85193531 0.00129991
2868.12252698 0.85805551 0.85669610 0.00135941
2868.14295858 0.86247971 0.86126230 0.00121741
2868.16339019 0.87839255 0.87718379 0.00120876
2868.18382179 0.91139763 0.91007248 0.00132515
2868.20425339 0.94575691 0.94437253 0.00138438
2868.22468500 0.97285926 0.97149112 0.00136814
2868.24511670 0.98498447 0.98350234 0.00148213
2868.26554820 0.98594096 0.98441168 0.00152927
2868.28597981 0.98645349 0.98515426 0.00129923
2868.30641151 0.98766171 0.98660118 0.00106053
2868.32684302 0.98906531 0.98821059 0.00085472
2868.36770632 0.99263892 0.99271308 -0.00007416
2868.38813783 0.99491520 0.99564048 -0.00072528
2868.40856953 0.99727400 0.99853577 -0.00126177
2868.42900113 0.99849578 1.00040456 -0.00190878
2868.44943264 0.99977892 1.00234283 -0.00256391
2868.46986434 1.00039981 1.00347273 -0.00307292
2868.49029594 1.00222354 1.00568106 -0.00345752
2868.51072755 1.00398503 1.00766440 -0.00367937
2868.53115915 1.00590317 1.00949902 -0.00359585
2868.55159065 1.00832701 1.01192209 -0.00359508
2868.57202226 1.01006896 1.01338490 -0.00331594
2868.59245396 1.01033392 1.01330092 -0.00296700
2868.61288556 1.01205340 1.01459448 -0.00254109
2868.63331717 1.01197123 1.01397864 -0.00200741
2868.65374877 1.01392455 1.01502681 -0.00110226
2868.67418037 1.01384391 1.01467901 -0.00083510
2868.69461208 1.01584074 1.01570669 0.00013405
2868.71504358 1.01682541 1.01554104 0.00128436
2868.73547518 1.01939395 1.01695862 0.00243533
2868.75590689 1.02082216 1.01711163 0.00371053
2868.77633839 1.02117126 1.01608600 0.00508525
2868.79676999 1.02206057 1.01559621 0.00646436
2868.81720170 1.02431901 1.01650310 0.00781591
2868.85806490 1.02463223 1.01423561 0.01039662
2868.87849650 1.02484068 1.01340920 0.01143148
2868.89892801 1.02467286 1.01239443 0.01227843
2868.91935971 1.02470336 1.01176793 0.01293543
2868.93979131 1.02477448 1.01133045 0.01344402
2868.96022282 1.02459668 1.01070174 0.01389494
2868.98065452 1.02322582 1.00922115 0.01400467
2869.00108612 1.02200721 1.00814008 0.01386713
2869.02151762 1.01994235 1.00669639 0.01324596
2869.04194933 1.01826017 1.00557593 0.01268424
2869.06238093 1.01681389 1.00500044 0.01181346
2869.10324413 1.01395038 1.00429437 0.00965601
2869.12367574 1.00600801 0.99774527 0.00826274
2869.14410734 0.99197087 0.98515922 0.00681165
2869.16453904 0.97842966 0.97228573 0.00614393
2869.18497054 0.96807437 0.96271674 0.00535763
2869.20540215 0.96436060 0.96060991 0.00375069
2869.22583375 0.96193114 0.95974672 0.00218442
2869.24626535 0.96037663 0.95953439 0.00084224
2869.26669705 0.95918261 0.95880377 0.00037883
2869.28712856 0.95710790 0.95787876 -0.00077086
2869.30756026 0.95552723 0.95743880 -0.00191157
2869.36885507 0.95523253 0.95988000 -0.00464748
2869.38928667 0.96022641 0.96543720 -0.00521078
2869.40971817 0.97058580 0.97616138 -0.00557559
2869.43014987 0.98323955 0.98900782 -0.00576827
2869.45058147 0.99392201 0.99976593 -0.00584392
2869.47101298 0.99663942 1.00232278 -0.00568335
2869.49144468 0.99601261 1.00131919 -0.00530658
2869.51187628 0.99688627 1.00189125 -0.00500498
2869.53230798 0.99738656 1.00200841 -0.00462185
2869.55273948 0.99937473 1.00350418 -0.00412946
2869.57317109 1.00087147 1.00440347 -0.00353200
2869.59360279 1.00222179 1.00526030 -0.00303851
2869.61403429 1.00462871 1.00710232 -0.00247361
2869.63446589 1.00648431 1.00835088 -0.00186657
2869.65489759 1.00981422 1.01145315 -0.00163893
2869.67532920 1.01130295 1.01213926 -0.00083631
2869.69576070 1.01308579 1.01307475 0.00001104
2869.71619240 1.01460084 1.01364241 0.00095843
2869.73662400 1.01619170 1.01427524 0.00191646
2869.75705560 1.01671884 1.01394195 0.00277689
2869.77748721 1.01852203 1.01492213 0.00359990
2869.79791881 1.02075934 1.01634697 0.00441236
2869.83878201 1.02198517 1.01630367 0.00568150
2869.85921361 1.02236186 1.01603670 0.00632516
2869.87964522 1.02289484 1.01613585 0.00675899
2869.90007682 1.02394239 1.01681568 0.00712671
2869.92050832 1.02320260 1.01551893 0.00768367
2869.94094002 1.02263283 1.01455329 0.00807954
2869.96137162 1.02170891 1.01335967 0.00834924
2869.98180332 1.02063938 1.01217817 0.00846121
2870.00223483 1.01898656 1.01064587 0.00834069
2870.02266643 1.01736312 1.00908239 0.00828073
2870.04309813 1.01511751 1.00684323 0.00827427
2870.08396123 1.01257996 1.00467261 0.00790735
2870.10439293 1.00885031 1.00104621 0.00780410
2870.12482444 1.00621021 0.99851152 0.00769869
2870.14525604 1.00285946 0.99527292 0.00758654
2870.16568774 1.00069053 0.99321238 0.00747815
2870.18611924 0.99819358 0.99065949 0.00753410
2870.20655084 0.99642573 0.98894317 0.00748256
2870.22698254 0.99421711 0.98666348 0.00755362
2870.24741414 0.99268613 0.98508600 0.00760013
2870.26784575 0.99086098 0.98350702 0.00735396
2870.28827735 0.98975000 0.98253003 0.00721997
2870.32914055 0.97999464 0.97280866 0.00718598
2870.34957215 0.95559987 0.94831138 0.00728849
2870.37000375 0.92317722 0.91557197 0.00760525
2870.39043545 0.89028620 0.88234612 0.00794008
2870.41086696 0.86979782 0.86138940 0.00840842
2870.43129856 0.86362740 0.85451520 0.00911220
2870.45173026 0.86061038 0.85061002 0.01000036
2870.47216176 0.86094164 0.85000077 0.01094087
2870.49259346 0.86190991 0.85039821 0.01151170
2870.51302496 0.86442999 0.85211215 0.01231784
2870.53345656 0.86799359 0.85489469 0.01309890
2870.55388826 0.87080989 0.85694361 0.01386629
2870.57431977 0.87704131 0.86248534 0.01455597
2870.59475137 0.89421276 0.87906488 0.01514788
2870.61518307 0.92674640 0.91098383 0.01576257
2870.63561457 0.96184925 0.94547911 0.01637014
2870.65604617 0.98883289 0.97190209 0.01693080
2870.67647787 1.00030959 0.98292188 0.01738771
2870.69690937 1.00289515 0.98526359 0.01763157
2870.71734108 1.00519665 0.98757618 0.01762046
2870.73777268 1.00693230 0.98962950 0.01730280
2870.75820428 1.00818277 0.99147041 0.01671236
2870.77863588 1.00971451 0.99376929 0.01594522
2870.81949908 1.01344801 1.00022196 0.01322605
2870.83993068 1.01297681 1.00135144 0.01162537
2870.86036228 1.01323781 1.00333078 0.00990703
2870.88079398 1.01258227 1.00353299 0.00904928
2870.90122559 1.01264283 1.00572531 0.00691752
2870.92165709 1.01232565 1.00769263 0.00463302
2870.94208879 1.01272412 1.01026691 0.00245721
2870.96252039 1.01180158 1.01151131 0.00029027
2870.98295189 1.01091363 1.01158694 -0.00067331
2871.00338359 1.00914485 1.01178069 -0.00263585
2871.02381519 1.00860662 1.01311451 -0.00450789
2871.06467840 1.00690881 1.01488989 -0.00798108
2871.08511000 1.00537393 1.01488684 -0.00951291
2871.10554170 1.00390735 1.01466356 -0.01075621
2871.12597320 1.00290879 1.01469693 -0.01178814
2871.14640480 1.00250580 1.01546577 -0.01295996
2871.16683640 1.00144353 1.01539691 -0.01395338
2871.18726800 1.00027666 1.01483716 -0.01456050
2871.20769960 0.99963161 1.01464412 -0.01501251
2871.22813130 0.99823958 1.01309468 -0.01485510
2871.24856281 0.99597766 1.01090259 -0.01492493
2871.26899441 0.99644227 1.01107351 -0.01463124
2871.30985761 0.99440264 1.00810729 -0.01370466
2871.33028931 0.99347485 1.00663455 -0.01315970
2871.35072081 0.99374833 1.00624493 -0.01249660
2871.37115241 0.99367941 1.00550924 -0.01182983
2871.39158411 0.99418671 1.00528247 -0.01109576
2871.41201571 0.99490935 1.00536077 -0.01045142
2871.43244722 0.99589755 1.00549706 -0.00959952
2871.45287892 0.99662653 1.00554066 -0.00891413
2871.47331052 0.99681548 1.00536118 -0.00854571
2871.49374202 0.99729055 1.00499462 -0.00770406
2871.51417372 0.99762010 1.00442618 -0.00680608
2871.53460532 0.99678808 1.00290091 -0.00611283
2871.55503702 0.99017086 0.99569558 -0.00552473
2871.57546852 0.97760725 0.98256311 -0.00495586
2871.59590013 0.96624152 0.97071609 -0.00447457
2871.61633183 0.95938530 0.96361902 -0.00423372
2871.63676333 0.95889895 0.96266144 -0.00376249
2871.65719493 0.95994413 0.96328018 -0.00333605
2871.67762663 0.96030116 0.96306907 -0.00276791
2871.69805813 0.95937884 0.96162640 -0.00224756
2871.71848973 0.95880612 0.96048212 -0.00167600
2871.73892143 0.95851868 0.95960913 -0.00109045
2871.75935293 0.95897955 0.95938835 -0.00040879
2871.80021624 0.96195356 0.96120458 0.00074898
2871.82064774 0.96806197 0.96670959 0.00135238
2871.84107944 0.97941027 0.97745301 0.00195726
2871.86151104 0.99292281 0.99074901 0.00217380
2871.88194264 1.00301940 1.00019584 0.00282356
2871.90237424 1.00681204 1.00321077 0.00360127
2871.92280584 1.00695531 1.00257760 0.00437771
2871.94323735 1.00739599 1.00221498 0.00518101
2871.96366905 1.01061184 1.00502945 0.00558239
2871.98410065 1.01201712 1.00567541 0.00634170
2872.00453225 1.01417815 1.00706104 0.00711711
2872.04539545 1.01576666 1.00730418 0.00846248
2872.06582705 1.01743951 1.00833841 0.00910110
2872.08625865 1.01880086 1.00890692 0.00989394
2872.10669026 1.02101177 1.01031158 0.01070019
2872.12712196 1.02318052 1.01154766 0.01163286
2872.14755346 1.02510022 1.01269561 0.01240461
2872.16798506 1.02627710 1.01310549 0.01317161
2872.18841676 1.02813733 1.01429055 0.01384678
2872.20884826 1.02914453 1.01502648 0.01411805
2872.22927996 1.02975491 1.01504715 0.01470775
2872.24971156 1.03260018 1.01741961 0.01518058
2872.27014307 1.03298601 1.01747906 0.01550695
2872.29057477 1.03423672 1.01832903 0.01590770
2872.31100637 1.03330977 1.01719259 0.01611717
2872.33143787 1.03352837 1.01728121 0.01624716
2872.35186957 1.03354505 1.01707072 0.01647433
2872.37230117 1.03202875 1.01567113 0.01635761
2872.39273277 1.02981191 1.01365042 0.01616149
2872.41316438 1.02814574 1.01220512 0.01594062
2872.43359598 1.02470213 1.00923886 0.01546327
2872.45402768 1.02358610 1.00875572 0.01483037
2872.47445918 1.02183217 1.00778295 0.01404922
2872.49489078 1.01863980 1.00551404 0.01312576
2872.53575408 1.01246328 1.00168772 0.01077557
2872.55618559 1.00964929 1.00012494 0.00952435
2872.57661719 1.00664143 0.99826553 0.00837590
2872.59704889 1.00386940 0.99602891 0.00784049
2872.61748039 1.00002748 0.99336105 0.00666643
2872.63791209 0.99590540 0.99060616 0.00529925
2872.65834359 0.99177447 0.98779209 0.00398239
2872.67877530 0.98731807 0.98453992 0.00277815
2872.69920690 0.98415937 0.98179499 0.00236438
2872.71963840 0.98081297 0.97951390 0.00129907
2872.74007010 0.97936499 0.97913056 0.00023443
2872.78093320 0.94286543 0.94514214 -0.00227671
2872.80136491 0.90966546 0.91311644 -0.00345097
2872.82179651 0.87618203 0.88069776 -0.00451573
2872.84222821 0.85738880 0.86245920 -0.00507040
2872.86265971 0.85284253 0.85892762 -0.00608509
2872.88309131 0.84932237 0.85617416 -0.00685178
2872.90352301 0.84781711 0.85529130 -0.00747418
2872.92395452 0.84598536 0.85422723 -0.00824188
2872.94438612 0.84557004 0.85402007 -0.00845004
2872.96481782 0.84597116 0.85482795 -0.00885679
2872.98524932 0.84789626 0.85713381 -0.00923755
2873.02611263 0.86236372 0.87251370 -0.01014998
2873.04654413 0.89433381 0.90493829 -0.01060448
2873.06697583 0.92852822 0.93937683 -0.01084861
2873.08740743 0.95578118 0.96694934 -0.01116816
2873.10783903 0.96775781 0.97873124 -0.01097342
2873.12827064 0.97037469 0.98095985 -0.01058517
2873.14870224 0.97254717 0.98244701 -0.00989984
2873.16913384 0.97504480 0.98432851 -0.00928371
2873.18956554 0.97717112 0.98590347 -0.00873235
2873.20999704 0.98120787 0.98893013 -0.00772225
2873.23042865 0.98442892 0.99132188 -0.00689296
2873.27129185 0.99266278 0.99787827 -0.00521549
2873.29172355 0.99629999 1.00060660 -0.00430661
2873.31215505 1.00101745 1.00452914 -0.00351168
2873.33258666 1.00405361 1.00709545 -0.00304184
2873.35301836 1.00757039 1.00961120 -0.00204080
2873.37344986 1.00931081 1.01019782 -0.00088701
2873.39388146 1.01208500 1.01188212 0.00020287
2873.41431317 1.01405947 1.01281680 0.00124267
2873.43474467 1.01615617 1.01451391 0.00164225
2873.45517627 1.01809022 1.01553746 0.00255277
2873.47560797 1.01981547 1.01650320 0.00331228
2873.51647118 1.02276934 1.01829102 0.00447832
2873.53690278 1.02283979 1.01782114 0.00501865
2873.55733428 1.02325443 1.01797348 0.00528094
2873.57776599 1.02407716 1.01858990 0.00548726
2873.59819759 1.02444047 1.01861479 0.00582568
2873.61862919 1.02448357 1.01829418 0.00618939
2873.63906079 1.02337089 1.01686464 0.00650626
2873.65949240 1.02272146 1.01600034 0.00672112
2873.67992400 1.02155385 1.01488496 0.00666888
2873.70035560 1.02022502 1.01343652 0.00678849
2873.72078720 1.01805995 1.01126542 0.00679453
2873.76165051 1.01659825 1.00996246 0.00663579
2873.78208201 1.01532203 1.00891677 0.00640525
2873.80251371 1.01469619 1.00861649 0.00607971
2873.82294532 1.01287545 1.00687636 0.00599909
2873.84337682 1.01179818 1.00620053 0.00559765
2873.86380852 1.01050766 1.00513929 0.00536837
2873.88424013 1.00932453 1.00422488 0.00509965
2873.90467173 1.00854140 1.00349243 0.00504898
2873.92510333 1.00772827 1.00269839 0.00502988
2873.94553484 1.00631881 1.00142882 0.00488999
2873.96596654 1.00511793 1.00041583 0.00470210
2874.00682964 0.98575803 0.98141160 0.00434642
2874.02726135 0.97474811 0.97051403 0.00423408
2874.04769295 0.96817111 0.96412627 0.00404484
2874.06812445 0.96629592 0.96229821 0.00399771
2874.08855616 0.96605414 0.96223832 0.00381582
2874.10898776 0.96592076 0.96208291 0.00383785
2874.12941946 0.96596651 0.96207026 0.00389625
2874.14985097 0.96587150 0.96193330 0.00393820
2874.17028257 0.96530521 0.96147730 0.00382791
2874.19071427 0.96557466 0.96174265 0.00383201
2874.21114578 0.96526571 0.96175432 0.00351139
2874.25200908 0.96968663 0.96719888 0.00248775
2874.27244069 0.98027015 0.97843962 0.00183053
2874.29287219 0.99313649 0.99191639 0.00122010
2874.31330389 1.00196637 1.00096458 0.00100180
2874.33373550 1.00381499 1.00360090 0.00021409
2874.35416710 1.00394256 1.00457279 -0.00063023
2874.37459871 1.00273494 1.00426718 -0.00153225
2874.39503031 1.00135349 1.00370609 -0.00235261
2874.41546201 1.00005495 1.00293680 -0.00288185
2874.43589352 0.99992710 1.00358251 -0.00365541
2874.45632512 1.00084174 1.00540388 -0.00456214
2874.49718833 1.00130148 1.00764316 -0.00634168
2874.51761993 1.00168238 1.00878357 -0.00710119
2874.53805164 1.00234153 1.01022698 -0.00788545
2874.55848314 1.00259947 1.01094888 -0.00834942
2874.57891484 1.00256819 1.01138713 -0.00881894
2874.59934635 1.00379198 1.01298782 -0.00919584
2874.61977795 1.00448783 1.01394901 -0.00946118
2874.64020966 1.00541518 1.01511178 -0.00969660
2874.66064116 1.00574844 1.01540872 -0.00966027
2874.68107277 1.00560120 1.01537034 -0.00976914
2874.70150447 1.00517237 1.01500288 -0.00983050
2874.74236768 1.00536897 1.01500164 -0.00963266
2874.76279928 1.00431139 1.01369457 -0.00938318
2874.78323089 1.00499403 1.01398507 -0.00899104
2874.80366249 1.00493733 1.01385128 -0.00891395
2874.82409410 1.00345543 1.01177820 -0.00832277
2874.84452570 1.00235598 1.00999747 -0.00764149
2874.86495731 1.00105245 1.00798250 -0.00693006
2874.88538891 1.00021709 1.00638752 -0.00617043
2874.90582052 0.99902653 1.00463773 -0.00561120
2874.92625212 0.99806649 1.00280363 -0.00473714
2874.94668372 0.99815799 1.00193454 -0.00377655
2874.98754703 0.99789775 0.99975233 -0.00185458
2875.00797854 0.99649670 0.99740522 -0.00090852
2875.02841024 0.99485060 0.99489605 -0.00004545
2875.04884185 0.99343680 0.99285668 0.00058012
2875.06927335 0.99283031 0.99094426 0.00188605
2875.08970506 0.99200312 0.98875953 0.00324359
2875.11013666 0.99159920 0.98700610 0.00459309
2875.13056817 0.98908064 0.98321229 0.00586835
2875.15099987 0.98840349 0.98193960 0.00646389
2875.17143148 0.98594043 0.97843908 0.00750135
2875.19186319 0.97698339 0.96869942 0.00828396
2875.23272630 0.92842510 0.91911887 0.00930623
2875.25315790 0.89593696 0.88646280 0.00947416
2875.27358951 0.87655083 0.86708551 0.00946532
2875.29402111 0.87257285 0.86280761 0.00976524
2875.31445272 0.87028971 0.86029272 0.00999700
2875.33488432 0.86981509 0.85960139 0.01021370
2875.35531593 0.86799074 0.85780829 0.01018245
2875.37574753 0.86640960 0.85603955 0.01037005
2875.39617914 0.86516303 0.85505814 0.01010489
2875.41661085 0.86457104 0.85496286 0.00960819
2875.43704245 0.86711849 0.85822663 0.00889186
2875.47790566 0.91223265 0.90545697 0.00677568
2875.49833727 0.94568614 0.94004288 0.00564326
2875.51876878 0.97374088 0.96936928 0.00437160
2875.53920048 0.98520599 0.98136610 0.00383989
2875.55963209 0.98634035 0.98355640 0.00278395
2875.58006359 0.98743936 0.98543087 0.00200849
2875.60049530 0.98714314 0.98590627 0.00123688
2875.62092691 0.98809560 0.98762977 0.00046583
2875.64135861 0.98972698 0.98967563 0.00005135
2875.66179012 0.99147753 0.99240457 -0.00092704
2875.68222173 0.99328810 0.99534668 -0.00205859
2875.72308494 0.99589314 0.99980769 -0.00391455
2875.74351655 0.99880205 1.00368934 -0.00488730
2875.76394825 0.99995661 1.00566243 -0.00570583
2875.78437976 1.00069649 1.00685575 -0.00615926
2875.80481147 1.00200804 1.00862592 -0.00661787
2875.82524307 1.00349408 1.01048260 -0.00698851
2875.84567458 1.00416123 1.01163217 -0.00747094
2875.86610629 1.00559929 1.01342987 -0.00783058
2875.88653789 1.00669837 1.01471322 -0.00801485
2875.90696950 1.00735418 1.01575348 -0.00839930
2875.92740111 1.00774913 1.01665837 -0.00890923
2875.96826422 1.00908082 1.01867638 -0.00959557
2875.98869593 1.00923488 1.01933682 -0.01010194
2876.00912754 1.00767474 1.01821186 -0.01053712
2876.02955914 1.00634206 1.01701707 -0.01067500
2876.04999075 1.00529837 1.01623423 -0.01093586
2876.07042236 1.00360691 1.01479634 -0.01118943
2876.09085397 1.00230492 1.01376056 -0.01145565
2876.11128557 1.00122670 1.01298838 -0.01176167
2876.13171718 0.99922019 1.01109408 -0.01187390
2876.15214889 0.99775207 1.01000395 -0.01225188
2876.17258040 0.99612513 1.00873435 -0.01260923
2876.21344371 0.99489041 1.00801523 -0.01312482
2876.23387522 0.99440962 1.00784179 -0.01343218
2876.25430693 0.99302069 1.00679730 -0.01377661
2876.27473854 0.99218954 1.00607992 -0.01389038
2876.29517004 0.99062989 1.00491873 -0.01428884
2876.31560175 0.98955487 1.00424112 -0.01468625
2876.33603336 0.98918527 1.00401822 -0.01483295
2876.35646487 0.98920942 1.00422767 -0.01501825
2876.37689658 0.98885672 1.00392243 -0.01506571
2876.39732818 0.98684978 1.00210731 -0.01525753
2876.41775979 0.97823892 0.99373293 -0.01549401
2876.45862301 0.95340930 0.96922979 -0.01582049
2876.47905472 0.94637307 0.96235517 -0.01598210
2876.49948623 0.94508168 0.96101264 -0.01593097
2876.51991784 0.94504026 0.96108111 -0.01604084
2876.54034954 0.94577879 0.96145023 -0.01567144
2876.56078105 0.94584498 0.96114672 -0.01530174
2876.58121266 0.94572744 0.96049344 -0.01476600
2876.60164437 0.94500340 0.95908735 -0.01408394
2876.62207598 0.94509752 0.95864752 -0.01355000
2876.64250759 0.94561027 0.95836941 -0.01275914
2876.66293920 0.94770827 0.95957803 -0.01186976
2876.70380242 0.96602542 0.97620658 -0.01018116
2876.72423403 0.97912117 0.98846543 -0.00934426
2876.74466554 0.99000036 0.99855277 -0.00855241
2876.76509725 0.99387002 1.00192336 -0.00805334
2876.78552885 0.99600389 1.00307244 -0.00706855
2876.80596036 0.99754173 1.00358959 -0.00604786
2876.82639207 0.99932605 1.00422160 -0.00489555
2876.84682368 1.00128054 1.00519836 -0.00391782
2876.86725539 1.00232012 1.00592119 -0.00360107
2876.88768690 1.00335250 1.00632969 -0.00297719
2876.90811851 1.00481916 1.00724451 -0.00242535
2876.94898173 1.00855437 1.00983245 -0.00127808
2876.96941334 1.01050335 1.01129830 -0.00079495
2876.98984505 1.01279242 1.01313840 -0.00034598
2877.01027656 1.01374191 1.01383562 -0.00009372
2877.03070817 1.01476941 1.01452362 0.00024580
2877.05113988 1.01540845 1.01491497 0.00049349
2877.07157139 1.01568379 1.01493627 0.00074752
2877.09200310 1.01734125 1.01629410 0.00104715
2877.11243472 1.01767690 1.01662140 0.00105550
2877.13286633 1.01804398 1.01689534 0.00114864
2877.15329794 1.01795129 1.01664753 0.00130376
2877.19416116 1.01709404 1.01586178 0.00123225
2877.21459277 1.01589728 1.01459027 0.00130700
2877.23502438 1.01566236 1.01427883 0.00138353
2877.25545599 1.01452328 1.01313047 0.00139281
2877.27588770 1.01343850 1.01206552 0.00137298
2877.29631921 1.01109391 1.00981171 0.00128220
2877.31675092 1.00959834 1.00850261 0.00109574
2877.33718244 1.00725914 1.00627234 0.00098679
2877.35761405 1.00547224 1.00451096 0.00096127
2877.37804576 1.00442890 1.00363137 0.00079754
2877.39847727 1.00314378 1.00235635 0.00078743
2877.41890888 0.99972920 0.99907156 0.00065764
2877.43934059 0.99779613 0.99729723 0.00049890
2877.45977211 0.99499406 0.99476755 0.00022651
2877.48020382 0.99205095 0.99199469 0.00005627
2877.50063543 0.99019760 0.99023436 -0.00003676
2877.52106694 0.98863311 0.98903123 -0.00039813
2877.54149865 0.98619527 0.98682000 -0.00062473
2877.56193026 0.98444280 0.98527267 -0.00082988
2877.58236178 0.98143087 0.98235183 -0.00092096
2877.60279349 0.97893067 0.97991300 -0.00098232
2877.62322510 0.96962727 0.97080407 -0.00117680
2877.64365671 0.94629106 0.94768415 -0.00139309
2877.68451994 0.87950052 0.88100512 -0.00150460
2877.70495165 0.86039611 0.86193999 -0.00154388
2877.72538316 0.85623004 0.85746582 -0.00123578
2877.74581478 0.85475466 0.85542173 -0.00066707
2877.76624649 0.85316093 0.85308186 0.00007907
2877.78667810 0.85272057 0.85218780 0.00053277
2877.80710962 0.85278515 0.85185768 0.00092747
2877.82754133 0.85521404 0.85396017 0.00125387
2877.84797294 0.85731126 0.85608555 0.00122570
2877.86840445 0.86216757 0.86063759 0.00152997
2877.88883617 0.87928243 0.87767197 0.00161046
2877.90926778 0.91016194 0.90866807 0.00149386
2877.92969949 0.94327524 0.94196423 0.00131100
2877.95013101 0.97000886 0.96893274 0.00107612
2877.97056262 0.98099684 0.98001157 0.00098527
2877.99099424 0.98212776 0.98090767 0.00122010
2878.01142585 0.98351133 0.98226775 0.00124358
2878.03185736 0.98515974 0.98398627 0.00117347
2878.05228908 0.98760619 0.98658983 0.00101637
2878.07272069 0.98924752 0.98854368 0.00070384
2878.09315220 0.99130355 0.99130548 -0.00000193
2878.11358392 0.99324743 0.99406310 -0.00081567
2878.13401553 0.99565638 0.99699996 -0.00134358
2878.17487876 1.00110415 1.00296935 -0.00186519
2878.19531038 1.00323439 1.00515719 -0.00192279
2878.21574209 1.00506072 1.00696131 -0.00190059
2878.23617361 1.00708894 1.00898501 -0.00189607
2878.25660522 1.00826104 1.00980042 -0.00153938
2878.27703693 1.01039311 1.01155996 -0.00116685
2878.29746855 1.01154676 1.01213409 -0.00058734
2878.31790016 1.01351253 1.01356226 -0.00004973
2878.33833178 1.01512728 1.01488927 0.00023801
2878.35876339 1.01649373 1.01585973 0.00063400
2878.37919501 1.01826847 1.01714140 0.00112707
2878.42005824 1.02059863 1.01855895 0.00203967
2878.44048996 1.02130814 1.01880768 0.00250046
2878.46092147 1.02093842 1.01799706 0.00294135
2878.48135309 1.02082445 1.01753231 0.00329214
2878.50178480 1.02038396 1.01658916 0.00379480
2878.52221632 1.01979898 1.01552972 0.00426926
2878.54264803 1.01920438 1.01456555 0.00463884
2878.56307965 1.01835062 1.01327670 0.00507392
2878.58351117 1.01676857 1.01166914 0.00509943
2878.60394288 1.01567924 1.01035124 0.00532800
2878.62437450 1.01474278 1.00925394 0.00548883
2878.66523773 1.01288607 1.00712052 0.00576555
2878.68566925 1.01225833 1.00637853 0.00587980
2878.70610086 1.01129916 1.00537044 0.00592872
2878.72653258 1.01100662 1.00505738 0.00594924
2878.74696410 1.01031511 1.00418885 0.00612627
2878.76739581 1.00995255 1.00330521 0.00664734
2878.78782743 1.00995919 1.00271189 0.00724731
2878.80825895 1.01000091 1.00220282 0.00779809
2878.82869066 1.00964880 1.00151051 0.00813829
2878.84912228 1.00316906 0.99463517 0.00853389
2878.86955390 0.99237580 0.98334171 0.00903410
2878.91041713 0.97531208 0.96522670 0.01008538
2878.93084885 0.97530674 0.96463965 0.01066709
2878.95128037 0.97624396 0.96501261 0.01123135
2878.97171199 0.97586107 0.96426631 0.01159476
2878.99214370 0.97550424 0.96357271 0.01193153
2879.01257532 0.97508642 0.96244331 0.01264311
2879.03300684 0.97562754 0.96237930 0.01324824
2879.05343856 0.97678517 0.96296636 0.01381881
2879.07387018 0.97714110 0.96339475 0.01374635
2879.09430169 0.97761943 0.96366877 0.01395067
2879.11473341 0.98258417 0.96863978 0.01394438
2879.17602827 1.01448786 1.00084343 0.01364443
2879.19645989 1.01656358 1.00290834 0.01365524
2879.21689161 1.01614745 1.00261410 0.01353336
2879.23732312 1.01628154 1.00302998 0.01325156
2879.25775474 1.01622627 1.00319418 0.01303209
2879.27818646 1.01701874 1.00429071 0.01272803
2879.29861798 1.01779477 1.00534380 0.01245098
2879.31904960 1.01871851 1.00631329 0.01240522
2879.33948122 1.01986923 1.00746615 0.01240308
2879.35991284 1.02136348 1.00930144 0.01206204
2879.38034456 1.02173091 1.00993048 0.01180043
2879.40077608 1.02173246 1.01018307 0.01154939
2879.42120770 1.02279393 1.01148530 0.01130863
2879.44163942 1.02352000 1.01235337 0.01116662
2879.46207094 1.02466233 1.01357555 0.01108678
2879.48250256 1.02625419 1.01533420 0.01091999
2879.50293428 1.02742188 1.01678169 0.01064020
2879.52336590 1.02656418 1.01623538 0.01032880
2879.54379742 1.02580047 1.01591955 0.00988092
2879.56422914 1.02533576 1.01585818 0.00947758
2879.58466076 1.02464396 1.01553815 0.00910581
2879.60509238 1.02486725 1.01631481 0.00855243
2879.64595562 1.02417795 1.01681242 0.00736553
2879.66638734 1.02193193 1.01528099 0.00665094
2879.68681886 1.01994644 1.01407892 0.00586753
2879.70725048 1.01733958 1.01179187 0.00554771
2879.72768220 1.01589239 1.01098638 0.00490601
2879.74811373 1.01207693 1.00782404 0.00425289
2879.76854545 1.00895793 1.00533307 0.00362486
2879.78897707 1.00561576 1.00271088 0.00290488
2879.80940859 1.00330976 1.00063461 0.00267516
2879.82984031 1.00099518 0.99886479 0.00213039
2879.85027193 0.99855113 0.99697008 0.00158105
2879.89113518 0.99494901 0.99442432 0.00052469
2879.91156680 0.99262754 0.99290871 -0.00028117
2879.93199842 0.98948665 0.99066091 -0.00117426
2879.95243004 0.98735928 0.98875594 -0.00139666
2879.97286166 0.98610320 0.98787616 -0.00177296
2879.99329339 0.98477467 0.98668945 -0.00191479
2880.01372491 0.98167233 0.98361431 -0.00194198
2880.03415653 0.97985933 0.98178226 -0.00192293
2880.05458816 0.96903955 0.97094684 -0.00190729
2880.07501978 0.94261393 0.94470013 -0.00208619
2880.09545140 0.90964511 0.91186580 -0.00222069
2880.13631465 0.85977110 0.86204559 -0.00227449
2880.15674627 0.85644114 0.85852723 -0.00208609
2880.17717799 0.85392214 0.85546805 -0.00154591
2880.19760952 0.85349999 0.85511411 -0.00161412
2880.21804124 0.85308239 0.85432493 -0.00124254
2880.23847286 0.85352203 0.85430918 -0.00078714
2880.25890439 0.85451189 0.85453711 -0.00002523
2880.27933611 0.85708735 0.85618086 0.00090650
2880.29976774 0.86091478 0.85987018 0.00104460
2880.32019926 0.87637503 0.87491575 0.00145928
2880.34063098 0.90794552 0.90627334 0.00167218
2880.38149433 0.96929400 0.96725521 0.00203880
2880.40192586 0.98065578 0.97836524 0.00229054
2880.42235748 0.98344218 0.98079883 0.00264335
2880.44278921 0.98588894 0.98292029 0.00296865
2880.46322073 0.98783226 0.98434244 0.00348982
2880.48365236 0.99046542 0.98645028 0.00401514
2880.50408408 0.99387905 0.98938393 0.00449511
2880.52451561 0.99545104 0.99098713 0.00446391
2880.54494723 0.99948859 0.99477368 0.00471491
2880.56537896 1.00063356 0.99566551 0.00496805
2880.58581048 1.00386158 0.99846445 0.00539713
2880.62667383 1.01125416 1.00504009 0.00621407
2880.64710546 1.01372919 1.00711830 0.00661089
2880.66753709 1.01682995 1.00956410 0.00726585
2880.68796871 1.01860920 1.01103879 0.00757041
2880.70840034 1.02053368 1.01232419 0.00820949
2880.72883196 1.02317412 1.01425954 0.00891459
2880.74926359 1.02434925 1.01468204 0.00966721
2880.76969512 1.02735287 1.01708316 0.01026972
2880.79012684 1.02709009 1.01662243 0.01046765
2880.81055847 1.02797515 1.01712267 0.01085247
2880.83099010 1.03078001 1.01952509 0.01125492
2880.87185335 1.03072465 1.01916281 0.01156183
2880.89228508 1.03041192 1.01876613 0.01164579
2880.91271660 1.03002720 1.01839862 0.01162858
2880.93314823 1.02852969 1.01675184 0.01177785
2880.95357996 1.02809032 1.01623457 0.01185575
2880.97401149 1.02622452 1.01452455 0.01169997
2880.99444321 1.02490018 1.01329575 0.01160443
2881.01487484 1.02330888 1.01208444 0.01122444
2881.03530637 1.02184336 1.01092084 0.01092253
2881.05573810 1.01918619 1.00879665 0.01038955
2881.07616973 1.01649494 1.00676108 0.00973386
2881.13746461 1.01334345 1.00618541 0.00715804
2881.15789624 1.01183056 1.00554487 0.00628569
2881.17832787 1.01090721 1.00555634 0.00535088
2881.19875950 1.00960525 1.00492014 0.00468511
2881.21919123 1.00754691 1.00356222 0.00398469
2881.23962275 1.00595004 1.00266681 0.00328323
2881.26005438 1.00425869 1.00172401 0.00253468
2881.28048611 0.99672389 0.99445714 0.00226675
2881.30091774 0.98420690 0.98221399 0.00199291
2881.32134927 0.97232546 0.97097659 0.00134887
2881.34178100 0.96460810 0.96398204 0.00062606
2881.36221263 0.96343360 0.96345019 -0.00001659
2881.38264426 0.96233544 0.96296377 -0.00062833
2881.40307589 0.96111585 0.96199725 -0.00088140
2881.42350742 0.95975457 0.96093065 -0.00117608
2881.44393915 0.96051428 0.96176423 -0.00124995
2881.46437078 0.95925748 0.96069935 -0.00144187
2881.48480231 0.95925501 0.96087552 -0.00162051
2881.50523404 0.95848398 0.96042573 -0.00194175
2881.52566567 0.95870229 0.96103254 -0.00233024
2881.54609720 0.96348173 0.96635863 -0.00287689
2881.56652894 0.97510500 0.97857405 -0.00346905
2881.60739230 0.99832157 1.00283220 -0.00451064
2881.62782383 0.99903572 1.00417286 -0.00513714
2881.64825546 0.99764130 1.00325176 -0.00561046
2881.66868719 0.99813914 1.00393107 -0.00579193
2881.68911872 0.99701258 1.00322244 -0.00620986
2881.70955035 0.99734264 1.00408498 -0.00674233
2881.72998209 0.99767315 1.00494004 -0.00726689
2881.75041362 0.99749507 1.00552089 -0.00802583
2881.77084525 0.99701063 1.00522429 -0.00821366
2881.79127698 0.99702982 1.00584984 -0.00882002
2881.81170862 0.99996165 1.00918565 -0.00922401
2881.85257188 1.00134379 1.01101695 -0.00967316
2881.87300351 1.00123937 1.01107149 -0.00983212
2881.89343515 1.00212870 1.01213736 -0.01000867
2881.91386678 1.00321187 1.01339025 -0.01017838
2881.93429841 1.00396643 1.01397081 -0.01000438
2881.97516168 1.00667985 1.01594319 -0.00926334
2881.99559331 1.00772302 1.01660956 -0.00888654
2882.01602495 1.00642293 1.01489407 -0.00847115
2882.03645658 1.00516305 1.01309973 -0.00793669
2882.09775148 1.00694585 1.01270737 -0.00576152
2882.11818322 1.00584591 1.01084814 -0.00500222
2882.13861475 1.00518468 1.00980540 -0.00462073
2882.15904638 1.00504422 1.00938918 -0.00434496
2882.17947812 1.00439162 1.00803090 -0.00363928
2882.19990965 1.00342996 1.00623281 -0.00280285
2882.22034139 1.00264940 1.00444562 -0.00179622
2882.24077302 1.00005897 1.00134225 -0.00128328
2882.26120456 0.99872925 0.99933052 -0.00060127
2882.28163629 0.99790038 0.99737956 0.00052082
2882.30206793 0.99685809 0.99510484 0.00175325
2882.34293120 0.99447278 0.99089675 0.00357603
2882.36336284 0.99224116 0.98816298 0.00407818
2882.38379457 0.99238501 0.98775973 0.00462528
2882.40422611 0.99228542 0.98706555 0.00521987
2882.42465774 0.99289774 0.98687138 0.00602637
2882.44508948 0.99338104 0.98657008 0.00681096
2882.46552102 0.99260588 0.98519837 0.00740750
2882.48595265 0.98382581 0.97610952 0.00771629
2882.50638439 0.95799204 0.95049812 0.00749392
2882.52681603 0.92602395 0.91859602 0.00742794
2882.54724756 0.89410053 0.88677515 0.00732538
2882.56767930 0.87351506 0.86645393 0.00706113
2882.58811094 0.86868507 0.86179878 0.00688630
2882.60854258 0.86507042 0.85824337 0.00682706
2882.62897421 0.86252649 0.85574017 0.00678632
2882.64940585 0.86038233 0.85398657 0.00639576
2882.66983749 0.85951051 0.85370263 0.00580788
2882.69026913 0.85785218 0.85248558 0.00536660
2882.71070066 0.85914485 0.85420668 0.00493818
2882.73113240 0.86213896 0.85785935 0.00427961
2882.75156404 0.87705714 0.87375870 0.00329845
2882.77199568 0.90690216 0.90497542 0.00192674
2882.79242732 0.94028863 0.93975182 0.00053681
2882.83329069 0.97940434 0.98144068 -0.00203635
2882.85372223 0.97952995 0.98274787 -0.00321791
2882.87415387 0.98007170 0.98439112 -0.00431942
2882.89458561 0.98019679 0.98485233 -0.00465554
2882.91501715 0.98108935 0.98608561 -0.00499627
2882.93544879 0.98071672 0.98707235 -0.00635563
2882.95588053 0.98143606 0.98962657 -0.00819051
2882.97631207 0.98326302 0.99352041 -0.01025739
2882.99674381 0.98474037 0.99546864 -0.01072827
2883.01717545 0.98513774 0.99708158 -0.01194384
2883.03760709 0.98472214 0.99775257 -0.01303043
2883.09890201 0.99085512 1.00588017 -0.01502505
2883.11933365 0.99188651 1.00712840 -0.01524190
2883.13976529 0.99359130 1.00903592 -0.01544462
2883.16019693 0.99585909 1.01125784 -0.01539876
2883.18062867 0.99748863 1.01278046 -0.01529183
2883.20106022 0.99980802 1.01486819 -0.01506017
2883.22149196 1.00177425 1.01640064 -0.01462639
2883.24192360 1.00289875 1.01716860 -0.01426985
2883.26235514 1.00358210 1.01751628 -0.01393418
2883.28278688 1.00434434 1.01792331 -0.01357898
2883.30321852 1.00384008 1.01688997 -0.01304989
2883.32365007 1.00431802 1.01683263 -0.01251461
2883.34408181 1.00458327 1.01660400 -0.01202073
2883.36451335 1.00451491 1.01599015 -0.01147524
2883.38494509 1.00489449 1.01606947 -0.01117498
2883.40537674 1.00496644 1.01586986 -0.01090342
2883.42580828 1.00368684 1.01425202 -0.01056518
2883.44624002 1.00241262 1.01255631 -0.01014369
2883.46667167 1.00229154 1.01202580 -0.00973426
2883.48710321 1.00131193 1.01064137 -0.00932944
2883.50753495 0.99926413 1.00822824 -0.00896411
2883.52796660 0.99969599 1.00841682 -0.00872083
2883.56882988 0.99599183 1.00466459 -0.00867276
2883.58926153 0.99514474 1.00384832 -0.00870358
2883.60969327 0.99619440 1.00478455 -0.00859015
2883.63012482 0.99673184 1.00499638 -0.00826454
2883.65055646 0.99630428 1.00425915 -0.00795488
2883.67098820 0.99651411 1.00418315 -0.00766904
2883.69141985 0.99503400 1.00235049 -0.00731649
2883.71185139 0.98768650 0.99473971 -0.00705321
2883.73228314 0.97550534 0.98229671 -0.00679137
2883.75271478 0.96441528 0.97077623 -0.00636095
2883.77314633 0.95946038 0.96536109 -0.00590071
2883.79357807 0.95765317 0.96306667 -0.00541350
2883.81400972 0.95795206 0.96282307 -0.00487101
2883.83444147 0.95797175 0.96204685 -0.00407510
2883.85487301 0.95870382 0.96193583 -0.00323201
2883.87530466 0.95922705 0.96216879 -0.00294174
2883.89573640 0.95940982 0.96132732 -0.00191751
2883.91616795 0.95944882 0.96021827 -0.00076944
2883.93659960 0.96089914 0.96071582 0.00018332
2883.95703134 0.96321961 0.96221785 0.00100176
2883.97746289 0.96909671 0.96744223 0.00165449
2883.99789464 0.98031470 0.97810244 0.00221227
2884.01832628 0.99429544 0.99141512 0.00288032
2884.05918958 1.00846447 1.00445153 0.00401294
2884.07962113 1.00914260 1.00470642 0.00443618
2884.10005277 1.00962675 1.00471629 0.00491046
2884.12048452 1.01057265 1.00521049 0.00536216
2884.14091607 1.01042165 1.00467734 0.00574431
2884.16134772 1.01141050 1.00542665 0.00598385
2884.18177946 1.01259635 1.00655651 0.00603984
2884.20221111 1.01386598 1.00790669 0.00595929
2884.22264276 1.01452505 1.00853765 0.00598739
2884.24307441 1.01454561 1.00858978 0.00595583
2884.26350606 1.01673885 1.01085017 0.00588868
2884.30436936 1.01996537 1.01417303 0.00579234
2884.32480101 1.01986348 1.01410300 0.00576049
2884.34523276 1.02155621 1.01579516 0.00576105
2884.36566431 1.02210037 1.01638365 0.00571672
2884.38609606 1.02258909 1.01680700 0.00578209
2884.40652771 1.02223523 1.01645866 0.00577656
2884.42695926 1.02171021 1.01595952 0.00575069
2884.44739101 1.02142474 1.01578460 0.00564013
2884.46782266 1.02039190 1.01501835 0.00537355
2884.48825421 1.01962740 1.01454976 0.00507764
2884.50868596 1.02020821 1.01542108 0.00478712
2884.54954916 1.01963782 1.01597939 0.00365842
2884.56998091 1.01726308 1.01439668 0.00286640
2884.59041256 1.01409283 1.01211844 0.00197439
2884.61084431 1.01055562 1.00884164 0.00171398
2884.63127586 1.00783250 1.00699869 0.00083382
2884.65170752 1.00564706 1.00570856 -0.00006150
2884.67213927 1.00234880 1.00344012 -0.00109132
2884.69257082 0.99855151 1.00065072 -0.00209921
2884.71300247 0.99453398 0.99715542 -0.00262145
2884.73343412 0.98955364 0.99321603 -0.00366239
2884.75386578 0.98568769 0.98995886 -0.00427117
2884.79472908 0.98162512 0.98707596 -0.00545085
2884.81516074 0.97950331 0.98552296 -0.00601965
2884.83559249 0.97642408 0.98312722 -0.00670315
2884.85602404 0.97394699 0.98142233 -0.00747534
2884.87645570 0.97113123 0.97927416 -0.00814293
2884.89688745 0.96954250 0.97794764 -0.00840514
2885.06034078 0.84672470 0.85361046 -0.00688575
2885.08077234 0.84721628 0.85367662 -0.00646034
2885.10120399 0.84840135 0.85486169 -0.00646034
2885.12163575 0.84905657 0.85494358 -0.00588701
2885.14206731 0.84999409 0.85552670 -0.00553261
2885.16249906 0.85295107 0.85818001 -0.00522895
2885.18293072 0.86998768 0.87506669 -0.00507901
2885.28508900 0.97692347 0.98011006 -0.00318659
2885.30552066 0.97854663 0.98099886 -0.00245224
2885.32595221 0.98169513 0.98339569 -0.00170055
2885.34638397 0.98441103 0.98549098 -0.00107995
2885.36681563 0.98801833 0.98851738 -0.00049905
2885.40767894 0.99433482 0.99430925 0.00002557
2885.42811060 0.99799294 0.99776090 0.00023205
2885.44854226 1.00035783 0.99987139 0.00048644
2885.46897392 1.00269265 1.00181838 0.00087427
2885.48940557 1.00483719 1.00340814 0.00142906
2885.53026889 1.00962069 1.00702296 0.00259773
2885.55070065 1.01127331 1.00809935 0.00317395
2885.57113231 1.01364771 1.01032479 0.00332292
2885.59156387 1.01545023 1.01184472 0.00360552
2885.61199563 1.01792730 1.01394257 0.00398473
2885.63242729 1.01948940 1.01510983 0.00437957
2885.65285885 1.02141132 1.01658349 0.00482783
2885.67329061 1.02250214 1.01708762 0.00541452
2885.69372227 1.02405030 1.01827680 0.00577350
2885.71415383 1.02377509 1.01758503 0.00619005
2885.73458559 1.02326761 1.01656407 0.00670354
2885.77544901 1.02262740 1.01504757 0.00757983
2885.79588057 1.02293817 1.01499424 0.00794394
2885.81631223 1.02394005 1.01553378 0.00840627
2885.83674399 1.02360181 1.01486905 0.00873276
2885.85717555 1.02328791 1.01415413 0.00913379
2885.87760722 1.02233593 1.01289017 0.00944576
2885.89803898 1.02155681 1.01183695 0.00971987
2885.91847054 1.01968826 1.00966567 0.01002259
2885.93890230 1.01859417 1.00853693 0.01005724
2885.95933396 1.01730385 1.00705204 0.01025181
2885.97976563 1.01849998 1.00829201 0.01020797
2886.00019729 1.01720648 1.00722379 0.00998269
2886.02062885 1.01654953 1.00678475 0.00976478
2886.04106061 1.01577819 1.00627725 0.00950093
2886.06149228 1.01509988 1.00559177 0.00950812
2886.08192394 1.01489323 1.00549004 0.00940319
2886.10235550 1.01398338 1.00454143 0.00944195
2886.12278727 1.01305788 1.00368508 0.00937280
2886.14321893 1.00409546 0.99483904 0.00925642
2886.16365060 0.99273571 0.98371562 0.00902009
2886.18408226 0.98117295 0.97236999 0.00880296
2886.20451392 0.97385303 0.96529534 0.00855769
2886.22494569 0.97352144 0.96522111 0.00830033
2886.26580892 0.97306942 0.96512122 0.00794820
2886.28624068 0.97190513 0.96414231 0.00776282
2886.30667225 0.97136815 0.96399362 0.00737452
2886.32710401 0.97015587 0.96271519 0.00744069
2886.34753568 0.96999136 0.96286042 0.00713094
2886.36796724 0.97055658 0.96394970 0.00660688
2886.38839901 0.97035890 0.96443332 0.00592558
2886.40883068 0.97379273 0.96879933 0.00499340
2886.42926224 0.98337314 0.97901486 0.00435828
2886.44969401 0.99365725 0.99023121 0.00342604
2886.47012568 1.00030814 0.99785323 0.00245491
2886.51098901 1.00223432 1.00169846 0.00053586
2886.53142068 1.00207742 1.00261277 -0.00053535
2886.55185244 1.00124242 1.00286296 -0.00162054
2886.57228401 1.00071887 1.00293563 -0.00221676
2886.59271568 1.00012925 1.00329051 -0.00316126
2886.61314745 1.00093733 1.00523507 -0.00429774
2886.63357902 1.00122500 1.00648305 -0.00525805
2886.65401068 1.00166285 1.00768045 -0.00601760
2886.67444235 1.00123088 1.00733313 -0.00610225
2886.69487412 1.00122818 1.00779949 -0.00657131
2886.71530579 1.00148756 1.00829806 -0.00681050
2886.75616903 1.00571324 1.01260127 -0.00688804
2886.77660080 1.00613662 1.01292677 -0.00679016
2886.79703247 1.00790199 1.01446755 -0.00656557
2886.81746404 1.00748251 1.01406458 -0.00658207
2886.83789581 1.00744085 1.01331889 -0.00587804
2886.85832748 1.00769633 1.01265345 -0.00495712
2886.87875905 1.00992726 1.01371182 -0.00378456
2886.89919082 1.01025654 1.01281686 -0.00256032
2886.91962249 1.00940486 1.01111224 -0.00170738
2886.94005426 1.01025448 1.01065534 -0.00040085
2886.96048583 1.01181109 1.01080181 0.00100928
2887.00134927 1.01543998 1.01156858 0.00387140
2887.02178084 1.01565264 1.01029881 0.00535383
2887.04221251 1.01549896 1.00867686 0.00682210
2887.06264429 1.01519273 1.00705365 0.00813908
2887.08307586 1.01578538 1.00648736 0.00929802
2887.10350763 1.01508509 1.00480395 0.01028114
2887.12393930 1.01507722 1.00383112 0.01124610
2887.14437088 1.01377172 1.00178898 0.01198274
2887.16480265 1.01227426 1.00045492 0.01181934
2887.18523432 1.01025587 0.99793834 0.01231753
2887.20566599 1.00846978 0.99569057 0.01277920
2887.22609767 1.00550835 0.99237515 0.01313320
2887.24652934 1.00239704 0.98890729 0.01348975
2887.26696101 0.99833526 0.98464525 0.01369001
2887.28739269 0.99544858 0.98172460 0.01372398
2887.30782436 0.99248946 0.97884668 0.01364277
2887.32825614 0.98907305 0.97637930 0.01269375
2887.49170944 0.85892746 0.85317776 0.00574970
2887.51214121 0.85905506 0.85379898 0.00525608
2887.53257279 0.85998111 0.85472502 0.00525608
2887.55300457 0.86098611 0.85573003 0.00525608
2887.57343624 0.86266338 0.85698759 0.00567579
2887.59386782 0.86652231 0.86046362 0.00605868
2887.61429960 0.88258220 0.87614670 0.00643550
2887.73688966 0.99011670 0.98055092 0.00956578
2887.75732134 0.99358337 0.98318784 0.01039552
2887.77775312 0.99810441 0.98679410 0.01131031
2887.79818470 1.00227125 0.99075664 0.01151461
2887.81861638 1.00497517 0.99318698 0.01178819
2887.83904816 1.00771386 0.99568462 0.01202924
2887.85947984 1.01094090 0.99869589 0.01224502
2887.87991141 1.01341958 1.00100112 0.01241846
2887.90034319 1.01589763 1.00339284 0.01250479
2887.92077487 1.01981999 1.00705241 0.01276759
2887.94120655 1.02317287 1.01029353 0.01287934
2887.98206991 1.02488382 1.01179807 0.01308575
2888.00250160 1.02743794 1.01441468 0.01302327
2888.02293328 1.02915459 1.01613366 0.01302093
2888.04336496 1.03008849 1.01735215 0.01273634
2888.06379664 1.03059149 1.01830184 0.01228966
2888.08422832 1.02958895 1.01793350 0.01165545
2888.10466010 1.02908882 1.01818760 0.01090122
2888.12509168 1.02978610 1.01976907 0.01001704
2888.14552337 1.02919605 1.01980372 0.00939233
2888.16595515 1.02870847 1.02023029 0.00847819
2888.18638673 1.02697425 1.01953770 0.00743655
2888.20681841 1.02341933 1.01699856 0.00642078
2888.22725020 1.02086274 1.01550222 0.00536052
2888.24768178 1.01806486 1.01377617 0.00428868
2888.26811346 1.01539002 1.01212779 0.00326223
2888.28854524 1.01283852 1.01005427 0.00278425
2888.30897683 1.01116025 1.00937948 0.00178077
2888.32940861 1.00893121 1.00813326 0.00079795
2888.34984030 1.00661279 1.00673670 -0.00012391
2888.37027188 1.00509429 1.00609663 -0.00100233
2888.39070366 1.00316268 1.00492273 -0.00176005
2888.41113535 1.00150382 1.00406586 -0.00256204
2888.43156703 1.00046321 1.00386146 -0.00339825
2888.47243040 0.99838353 1.00281077 -0.00442724
2888.49286219 0.99856243 1.00302996 -0.00446753
2888.51329378 0.99855637 1.00285464 -0.00429827
2888.53372546 0.99816556 1.00256465 -0.00439909
2888.55415725 0.99669177 1.00077267 -0.00408090
2888.57458893 0.98846330 0.99211516 -0.00365186
2888.59502052 0.97621069 0.97920326 -0.00299257
2888.61545231 0.96516688 0.96742445 -0.00225757
2888.63588399 0.96093213 0.96261792 -0.00168579
2888.65631558 0.96134457 0.96230611 -0.00096154
2888.67674737 0.96221296 0.96232346 -0.00011049
2888.71761074 0.96377481 0.96162616 0.00214864
2888.73804243 0.96522541 0.96202574 0.00319967
2888.75847402 0.96710457 0.96288370 0.00422088
2888.77890581 0.96759166 0.96239427 0.00519740
2888.79933750 0.96841591 0.96203629 0.00637962
2888.81976908 0.96899238 0.96178825 0.00720413
2888.84020087 0.97540001 0.96760546 0.00779455
2888.86063256 0.98623962 0.97816478 0.00807484
2888.88106435 0.99945262 0.99154155 0.00791107
2888.90149594 1.00745426 0.99948415 0.00797011
2888.92192763 1.00921757 1.00135957 0.00785801
2888.96279101 1.01226749 1.00539093 0.00687656
2888.98322270 1.01168310 1.00550306 0.00618004
2889.00365449 1.01193178 1.00658918 0.00534261
2889.02408608 1.01118843 1.00697147 0.00421696
2889.04451777 1.01088761 1.00816103 0.00272658
2889.06494956 1.01069569 1.00966974 0.00102595
2889.08538126 1.00949433 1.01005212 -0.00055780
2889.10581295 1.00839129 1.01030391 -0.00191262
2889.12624464 1.00754195 1.01015328 -0.00261133
2889.14667633 1.00664449 1.01069462 -0.00405013
2889.16710802 1.00621393 1.01152987 -0.00531594
2889.18753972 1.00435727 1.01093494 -0.00657767
2889.20797141 1.00338417 1.01110726 -0.00772309
2889.22840320 1.00228956 1.01105620 -0.00876664
2889.24883479 1.00184452 1.01153319 -0.00968867
2889.26926659 1.00189984 1.01228556 -0.01038572
2889.28969828 1.00141055 1.01239686 -0.01098631
2889.31012987 1.00041510 1.01170879 -0.01129369
2889.33056167 1.00072103 1.01219058 -0.01146955
2889.35099336 1.00054581 1.01191559 -0.01136979
2889.37142496 1.00107456 1.01201174 -0.01093718
2889.39185675 1.00086907 1.01113808 -0.01026902
2889.41228835 1.00086557 1.01020125 -0.00933567
2889.45315184 1.00033242 1.00734016 -0.00700773
2889.47358343 1.00043124 1.00606091 -0.00562967
2889.49401523 0.99991221 1.00392104 -0.00400883
2889.51444692 1.00077637 1.00411977 -0.00334340
2889.53487852 1.00100677 1.00250675 -0.00149998
2889.55531031 1.00162824 1.00110032 0.00052792
2889.57574201 1.00195861 0.99934315 0.00261545
2889.59617371 1.00164642 0.99684229 0.00480412
2889.61660540 1.00122700 0.99566413 0.00556286
2889.63703710 1.00123628 0.99460528 0.00663100
2889.65746890 1.00112264 0.99345303 0.00766961
2889.69833219 1.00156865 0.99165510 0.00991355
2889.71876399 1.00134675 0.99039162 0.01095513
2889.73919569 1.00110093 0.98907645 0.01202448
2889.75962729 1.00113517 0.98808088 0.01305429
2889.78005909 0.99197547 0.97667490 0.01530057
2889.94351278 0.87910184 0.85757838 0.02152346
2889.96394438 0.87858261 0.85629590 0.02228672
2889.98437608 0.87896162 0.85667490 0.02228672
2890.00480789 0.87981361 0.85752689 0.02228672
2890.02523949 0.88106894 0.86026757 0.02080137
2890.04567129 0.89512631 0.87567951 0.01944681
2890.18869310 0.99621251 0.98549992 0.01071259
2890.20912481 0.99816789 0.98853245 0.00963543
2890.22955661 1.00019019 0.99166763 0.00852256
2890.24998831 1.00216526 0.99364270 0.00852256
2890.27042002 1.00469501 0.99611504 0.00857996
2890.29085172 1.00653210 0.99794508 0.00858702
2890.31128343 1.00859870 1.00002411 0.00857459
2890.33171513 1.00987123 1.00131321 0.00855802
2890.35214684 1.01274865 1.00419309 0.00855556
2890.37257854 1.01501711 1.00665922 0.00835788
2890.39301025 1.01811419 1.00979430 0.00831989
2890.43387376 1.02144621 1.01311358 0.00833262
2890.45430546 1.02234134 1.01398503 0.00835630
2890.47473707 1.02349971 1.01517859 0.00832112
2890.49516888 1.02473932 1.01637318 0.00836614
2890.51560058 1.02493368 1.01649191 0.00844177
2890.53603219 1.02655613 1.01808918 0.00846696
2890.55646400 1.02722904 1.01873663 0.00849242
2890.57689570 1.02657255 1.01839365 0.00817891
2890.59732731 1.02617792 1.01821198 0.00796594
2890.61775912 1.02463601 1.01709329 0.00754273
2890.63819083 1.02324588 1.01611723 0.00712866
2890.67905424 1.02383497 1.01766450 0.00617047
2890.69948595 1.02141523 1.01582630 0.00558893
2890.71991766 1.01994389 1.01493341 0.00501048
2890.74034937 1.01778917 1.01306845 0.00472071
2890.76078108 1.01500616 1.01123563 0.00377053
2890.78121279 1.01245685 1.00969625 0.00276060
2890.80164450 1.01004493 1.00833139 0.00171355
2890.82207631 1.00861962 1.00788554 0.00073408
2890.84250792 1.00675508 1.00669595 0.00005913
2890.86293963 1.00516176 1.00645342 -0.00129166
2890.88337144 1.00403459 1.00651791 -0.00248332
2890.92423476 0.99839239 1.00269375 -0.00430136
2890.94466657 0.99658138 1.00148548 -0.00490409
2890.96509828 0.99482707 1.00024933 -0.00542227
2890.98552990 0.99450783 1.00046937 -0.00596153
2891.00596171 0.98697371 0.99341926 -0.00644555
2891.02639342 0.97448930 0.98129026 -0.00680095
2891.04682523 0.96319559 0.97022974 -0.00703415
2891.06725685 0.95735184 0.96458721 -0.00723537
2891.08768856 0.95624227 0.96325784 -0.00701556
2891.10812037 0.95563530 0.96247238 -0.00683708
2891.12855198 0.95570703 0.96194765 -0.00624062
2891.14898370 0.95462540 0.96007096 -0.00544556
2891.16941551 0.95563817 0.96031943 -0.00468127
2891.18984713 0.95573192 0.95960843 -0.00387651
2891.21027894 0.95678969 0.95955352 -0.00276383
2891.23071066 0.95780270 0.96002459 -0.00222188
2891.25114227 0.95818683 0.95939823 -0.00121141
2891.27157409 0.96365582 0.96392359 -0.00026776
2891.29200580 0.97543640 0.97479909 0.00063732
2891.31243742 0.98983674 0.98812597 0.00171077
2891.33286923 1.00046079 0.99764307 0.00281772
2891.35330095 1.00414163 1.00025474 0.00388690
2891.37373266 1.00699404 1.00208678 0.00490726
2891.41459610 1.01123471 1.00461116 0.00662355
2891.43502781 1.01280999 1.00541980 0.00739019
2891.45545953 1.01479416 1.00669356 0.00810060
2891.47589125 1.01695957 1.00853607 0.00842350
2891.49632297 1.01847811 1.00998358 0.00849453
2891.51675468 1.01901003 1.01052438 0.00848565
2891.53718640 1.01993640 1.01145601 0.00848038
2891.55761812 1.01981317 1.01161594 0.00819724
2891.57804984 1.02124872 1.01364681 0.00760191
2891.59848166 1.02132198 1.01434130 0.00698067
2891.61891338 1.02230121 1.01612283 0.00617838
2891.63934500 1.02213608 1.01697894 0.00515715
2891.65977682 1.02167846 1.01776995 0.00390851
2891.68020854 1.02072799 1.01824332 0.00248467
2891.70064016 1.01864853 1.01763843 0.00101009
2891.72107198 1.01671714 1.01630348 0.00041367
2891.74150370 1.01399783 1.01503566 -0.00103782
2891.76193532 1.01158595 1.01418666 -0.00260071
2891.78236714 1.00947190 1.01360572 -0.00413382
2891.80279886 1.00693600 1.01264477 -0.00570877
2891.82323068 1.00348566 1.01085129 -0.00736562
2891.84366230 1.00011820 1.00908474 -0.00896654
2891.86409403 0.99800713 1.00843473 -0.01042760
2891.90495747 0.99425002 1.00725906 -0.01300904
2891.92538919 0.99222740 1.00621222 -0.01398482
2891.94582102 0.98953487 1.00429706 -0.01476219
2891.96625264 0.98672248 1.00211768 -0.01539520
2891.98668446 0.98308516 0.99873408 -0.01564891
2892.00711619 0.98057219 0.99625709 -0.01568490
2892.02754781 0.97902822 0.99447449 -0.01544627
2892.04797963 0.97678513 0.99224702 -0.01546189
2892.06841136 0.97466409 0.99055937 -0.01589528
2892.08884298 0.97302450 0.98980142 -0.01677692
2892.10927481 0.97285966 0.99043635 -0.01757669
2892.15013816 0.97295792 0.99068051 -0.01772259
2892.17056998 0.97192898 0.98960750 -0.01767852
2892.19100171 0.97126525 0.98886751 -0.01760225
2892.21143344 0.96115896 0.97870831 -0.01754936
2892.23186516 0.93479001 0.95080703 -0.01601702
2892.25229689 0.90147988 0.91582918 -0.01434930
2892.27272872 0.86864590 0.88135705 -0.01271115
2892.29316034 0.85206493 0.86306847 -0.01100354
2892.39531908 0.85533893 0.86350342 -0.00816450
2892.41575071 0.85783897 0.86422451 -0.00638554
2892.43618254 0.86018691 0.86344746 -0.00326055
2892.45661427 0.86624835 0.86543954 0.00080881
2892.47704590 0.88476506 0.88097595 0.00378911
2892.64049984 0.98966383 0.99203522 -0.00237140
2892.66093167 0.99068078 0.99504511 -0.00436433
2892.68136330 0.99172980 0.99637738 -0.00464759
2892.70179504 0.99312646 0.99777405 -0.00464759
2892.72222677 0.99432911 0.99893298 -0.00460387
2892.74265850 0.99649717 1.00102151 -0.00452434
2892.76309033 0.99639756 1.00082461 -0.00442705
2892.78352207 0.99809739 1.00236709 -0.00426971
2892.80395370 0.99925185 1.00335609 -0.00410424
2892.82438553 1.00069054 1.00493567 -0.00424513
2892.84481727 1.00245610 1.00657385 -0.00411774
2892.88568074 1.00976547 1.01329695 -0.00353148
2892.90611247 1.01178091 1.01482047 -0.00303956
2892.92654411 1.01343458 1.01591171 -0.00247713
2892.94697594 1.01455101 1.01633526 -0.00178425
2892.96740768 1.01631658 1.01724891 -0.00093234
2892.98783951 1.01733985 1.01727001 0.00006985
2893.00827115 1.01839014 1.01741368 0.00097647
2893.02870288 1.01938036 1.01747256 0.00190780
2893.04913472 1.01934890 1.01717204 0.00217685
2893.06956636 1.01962994 1.01675625 0.00287368
2893.08999809 1.02050756 1.01696293 0.00354464
2893.11042993 1.02035559 1.01608055 0.00427504
2893.13086157 1.01993046 1.01497293 0.00495753
2893.15129331 1.01977995 1.01415720 0.00562275
2893.17172514 1.01885359 1.01252532 0.00632827
2893.19215678 1.01759785 1.01093272 0.00666513
2893.21258862 1.01645327 1.00927673 0.00717654
2893.23302036 1.01565022 1.00803790 0.00761231
2893.25345210 1.01486842 1.00693840 0.00793002
2893.27388384 1.01603180 1.00822947 0.00780233
2893.29431558 1.01540488 1.00802009 0.00738479
2893.31474732 1.01513834 1.00818398 0.00695437
2893.33517906 1.01492389 1.00837373 0.00655015
2893.37604254 1.01296082 1.00672456 0.00623626
2893.39647428 1.01210800 1.00615872 0.00594928
2893.41690602 1.00996237 1.00413979 0.00582258
2893.43733776 0.99982007 0.99415239 0.00566768
2893.45776950 0.98642104 0.98105227 0.00536877
2893.47820124 0.97443277 0.96944279 0.00498998
2893.49863308 0.96783103 0.96331069 0.00452034
2893.51906473 0.96631419 0.96255268 0.00376151
2893.55992831 0.96375260 0.96068747 0.00306513
2893.94813158 1.00721883 1.00745990 -0.00024107
