#TIME(DAYS_BJD-2454833),FLUX(NORMALIZED)
2.849795332447363762e+03,9.579710130487165687e-01
2.849815764275634137e+03,9.577822183552245905e-01
2.849836196003445366e+03,9.570200290740633609e-01
2.849856627631023002e+03,9.564567773972905140e-01
2.849877059458362055e+03,9.570752514331006822e-01
2.849897491185474792e+03,9.575721262439438330e-01
2.849917922912354697e+03,9.579581501498598550e-01
2.849938354638994497e+03,9.620032149551331901e-01
2.849958786365408741e+03,9.717445610980703918e-01
2.849979218091590155e+03,9.837793595486356013e-01
2.849999649817764293e+03,9.935326542143712025e-01
2.850020081543480046e+03,9.965657494325823595e-01
2.850040513368963730e+03,9.976105069849849905e-01
2.850060944994205784e+03,9.990407160456634683e-01
2.850081376719223044e+03,1.001036571089128691e+00
2.850101808544000960e+03,1.002684972371284067e+00
2.850122240168551798e+03,1.005471230235030600e+00
2.850142671892870567e+03,1.008209695243228454e+00
2.850163103716957266e+03,1.009787742925483789e+00
2.850183535340802337e+03,1.012716736514029048e+00
2.850224398888036376e+03,1.012898185260750150e+00
2.850244830511190230e+03,1.013884013014943575e+00
2.850265262234112015e+03,1.015894747646374885e+00
2.850285694056801731e+03,1.017580833034563481e+00
2.850306125679249817e+03,1.018796873096585287e+00
2.850326557401705941e+03,1.019909151817445236e+00
2.850346989223689889e+03,1.021172337337182379e+00
2.850367420845446759e+03,1.021671241110789552e+00
2.850387852666972321e+03,1.021416591114318706e+00
2.850408284388264292e+03,1.022141804670156029e+00
2.850428716109548986e+03,1.022096598681468738e+00
2.850449147830375296e+03,1.020106962920919180e+00
2.850469579550961498e+03,1.019290004073108324e+00
2.850490011271322146e+03,1.016698787458726549e+00
2.850510442991682794e+03,1.014724847085099357e+00
2.850530874711577781e+03,1.013050028913016432e+00
2.850551306431232661e+03,1.011031434828497444e+00
2.850571738250895578e+03,1.009633444027763893e+00
2.850592169870084035e+03,1.006764254591603125e+00
2.850612601589280530e+03,1.004970567784137181e+00
2.850633033408012125e+03,1.003938481081131595e+00
2.850653465026742197e+03,1.001913218769152847e+00
2.850673896845000854e+03,1.002175989326487215e+00
2.850714760181057500e+03,9.931273831532025920e-01
2.850735191998857772e+03,9.887727304587736743e-01
2.850755623716191621e+03,9.849253974578793258e-01
2.850776055333524710e+03,9.812446141940243116e-01
2.850796487150619214e+03,9.782480463207187116e-01
2.850816918867487402e+03,9.756141421061015340e-01
2.850837350483881892e+03,9.741804146367059047e-01
2.850857782300285180e+03,9.727680293800297084e-01
2.850878213916454115e+03,9.677762516835319850e-01
2.850898645632390981e+03,9.452913774000872849e-01
2.850919077448088501e+03,9.146913936606128059e-01
2.850939509163559705e+03,8.827794184743631423e-01
2.850959940778790042e+03,8.629467839688859110e-01
2.850980372593796346e+03,8.587771023559067629e-01
2.851000804308569059e+03,8.581701512699048129e-01
2.851021236023101665e+03,8.585350631664706578e-01
2.851041667737408716e+03,8.578042221729732519e-01
2.851062099451482936e+03,8.580981865539569764e-01
2.851082531165317050e+03,8.583105724186419483e-01
2.851102962878925609e+03,8.589997307979021501e-01
2.851123394592534169e+03,8.622089796417735652e-01
2.851143826405670552e+03,8.754600529609929405e-01
2.851164258018812689e+03,9.056761754716426971e-01
2.851205121544160647e+03,9.649446507682075680e-01
2.851225553156371461e+03,9.813979187098386125e-01
2.851245984868583037e+03,9.865177889283440749e-01
2.851266416680322436e+03,9.917313753108411012e-01
2.851286848292067589e+03,9.956333816227520561e-01
2.851307280103581434e+03,9.997116101653159559e-01
2.851327711814854410e+03,1.004082063196213737e+00
2.851348143425901071e+03,1.007674156418551847e+00
2.851368575236716424e+03,1.009349868028873720e+00
2.851389006947290909e+03,1.010206048064523854e+00
2.851409438657639839e+03,1.011405343217516961e+00
2.851450302077631932e+03,1.010741083250579875e+00
2.851470733787282370e+03,1.011108476914106546e+00
2.851491165496932808e+03,1.012217691420966403e+00
2.851511597206110309e+03,1.013668442664498626e+00
2.851532028915062256e+03,1.016004464418194253e+00
2.851552460624014202e+03,1.015671145973299883e+00
2.851572892332493211e+03,1.015889688845594385e+00
2.851593323940978735e+03,1.015552130290954258e+00
2.851613755749232951e+03,1.016013244992730380e+00
2.851634187457013468e+03,1.014735022769901018e+00
2.851654619264802022e+03,1.014276775457667146e+00
2.851695482579671079e+03,1.010392006353164840e+00
2.851715914386761142e+03,1.009192005554435667e+00
2.851736345993616851e+03,1.006707746868053865e+00
2.851756777700466046e+03,1.005406032079622980e+00
2.851777209506857616e+03,1.004481426101991204e+00
2.851797641113014834e+03,1.004434061109523268e+00
2.851818072819165536e+03,1.002941807831697396e+00
2.851838504624858615e+03,1.001877291199508857e+00
2.851858936230550171e+03,1.001089901392302917e+00
2.851879367935769551e+03,1.000601537264566687e+00
2.851899799740996968e+03,1.001407733884798423e+00
2.851920231345990032e+03,1.002766131546882766e+00
2.851940663050743751e+03,1.002949710549690288e+00
2.851961094855272677e+03,1.003568899545059567e+00
2.851981526559568010e+03,1.003526608893340777e+00
2.852001958263623237e+03,1.004070138947826596e+00
2.852022389967452909e+03,1.005024282609601860e+00
2.852042821671275306e+03,1.006251538936040912e+00
2.852063253474640078e+03,1.006928435160737267e+00
2.852083685077770497e+03,1.009229911483894737e+00
2.852104116780894401e+03,1.001963066771171862e+00
2.852124548583793512e+03,9.890800424402286239e-01
2.852144980186458270e+03,9.768813603105842569e-01
2.852185843690851470e+03,9.614057828250180959e-01
2.852206275292817736e+03,9.609475460196331698e-01
2.852226706994777487e+03,9.609087151641604319e-01
2.852247138796279614e+03,9.600274133414188338e-01
2.852267570397547388e+03,9.590874258836021848e-01
2.852288002098808647e+03,9.589361220065877323e-01
2.852308433799611521e+03,9.576194344358527344e-01
2.852328865500414395e+03,9.574549098321601948e-01
2.852349297300745093e+03,9.563691910283721453e-01
2.852369728901081544e+03,9.595167650955555017e-01
2.852390160601185926e+03,9.701832102277286873e-01
2.852410592401050963e+03,9.821598957854916767e-01
2.852431024100689683e+03,9.914208096574622653e-01
2.852451455700327642e+03,9.924398742554393360e-01
2.852471887499494187e+03,9.927120041407269113e-01
2.852492319198434416e+03,9.921598518196365069e-01
2.852512750797373883e+03,9.929677557705313129e-01
2.852533182596074766e+03,9.940118721727092543e-01
2.852553614294549334e+03,9.960121865246736039e-01
2.852574045892557479e+03,9.977750304272483550e-01
2.852594477690559870e+03,9.997923949602781635e-01
2.852614909388568776e+03,1.003027540020484665e+00
2.852635340986111260e+03,1.005945792106490932e+00
2.852676204480725573e+03,1.010308133604545855e+00
2.852696636277571088e+03,1.010572112318959492e+00
2.852717067874407803e+03,1.010891321109615992e+00
2.852737499571019725e+03,1.011483122401096280e+00
2.852757931367392302e+03,1.013406825466713235e+00
2.852778362963537802e+03,1.014739165648280483e+00
2.852798794659451232e+03,1.016353943680284200e+00
2.852819226455132593e+03,1.016607453302263320e+00
2.852839658050805156e+03,1.017969240195772951e+00
2.852860089746020094e+03,1.018655771249987740e+00
2.852880521541228518e+03,1.019122997196566072e+00
2.852900953235977795e+03,1.019885219889627770e+00
2.852921384830726311e+03,1.019924493149276801e+00
2.852941816625243519e+03,1.018614174714522091e+00
2.852962248319752689e+03,1.016631625848691822e+00
2.852982679913802713e+03,1.013712923722517756e+00
2.853003111707614153e+03,1.010508809866784485e+00
2.853023543401432107e+03,1.008064228050652877e+00
2.853043975094784400e+03,1.005727732138554709e+00
2.853064406788136694e+03,1.002976213942537331e+00
2.853084838381248119e+03,1.000736382504934019e+00
2.853105270174135512e+03,9.983112611071547349e-01
2.853125701867014868e+03,9.968144934924269007e-01
2.853146133459435077e+03,9.953377654137667285e-01
2.853166565251623979e+03,9.943518264152413355e-01
2.853186996943812119e+03,9.929954427615989010e-01
2.853207428535759391e+03,9.901538088219458134e-01
2.853227860327482631e+03,9.883365036408104931e-01
2.853248292018965003e+03,9.859300297345344744e-01
2.853268723710221821e+03,9.826754241783458577e-01
2.853289155401245807e+03,9.787439799119801442e-01
2.853309587092269794e+03,9.691043015670198768e-01
2.853330018782820844e+03,9.419765641774675569e-01
2.853350450473379169e+03,9.067517939171458874e-01
2.853370882163697388e+03,8.714778300915235754e-01
2.853411745643650647e+03,8.427745913471679229e-01
2.853432177233276889e+03,8.412055169688357203e-01
2.853452609022897377e+03,8.412783945493991222e-01
2.853473040712291549e+03,8.414109145484836016e-01
2.853493472301212023e+03,8.436487895863500341e-01
2.853513904090141295e+03,8.461233729212320753e-01
2.853534335778836976e+03,8.485621824882266795e-01
2.853554767367531895e+03,8.519012668624632578e-01
2.853575199155755399e+03,8.639398112238847460e-01
2.853595630843985418e+03,8.928160217274980770e-01
2.853616062431741739e+03,9.251363837262154277e-01
2.853656925907038385e+03,9.696791743703775390e-01
2.853677357494336320e+03,9.734002321292439808e-01
2.853697789281628502e+03,9.768434250384161466e-01
2.853718220968461537e+03,9.790516887288592818e-01
2.853738652655287297e+03,9.819665147416458684e-01
2.853759084341887501e+03,9.849350716001994410e-01
2.853779516028254875e+03,9.875341403020985176e-01
2.853799947714382142e+03,9.904250651630406299e-01
2.853820379400283855e+03,9.924579359599754458e-01
2.853840811086185568e+03,9.940269427477159692e-01
2.853861242771614343e+03,9.959132781216247787e-01
2.853881674457050394e+03,9.984426238297032796e-01
2.853902106142253615e+03,1.000738194818695748e+00
2.853922537827216729e+03,1.003905515116632063e+00
2.853942969512187119e+03,1.005550330490334376e+00
2.853963401196691848e+03,1.007590934402043059e+00
2.853983832981190062e+03,1.010836992681830360e+00
2.854004264565461199e+03,1.012581844104177620e+00
2.854024696249500266e+03,1.015096338086028060e+00
2.854045128033299989e+03,1.018668745124350572e+00
2.854065559616872633e+03,1.022209891188192055e+00
2.854085991300446040e+03,1.024397030401136721e+00
2.854106423083780101e+03,1.026063709338914887e+00
2.854147286449762760e+03,1.022188249083665124e+00
2.854167718132397567e+03,1.020919764070748803e+00
2.854188149714806059e+03,1.018664667849940253e+00
2.854208581497216073e+03,1.016793853026245920e+00
2.854229013179385220e+03,1.014187633484532114e+00
2.854249444861328811e+03,1.012523399625310017e+00
2.854269876543039572e+03,1.012081744592780996e+00
2.854290308224510227e+03,1.009877952088917397e+00
2.854310739905988157e+03,1.009503805539156973e+00
2.854331171587233257e+03,1.008625820724812439e+00
2.854351603268238250e+03,1.008841993718585517e+00
2.854372034949017689e+03,1.008661674614413917e+00
2.854392466629564296e+03,1.009846175964406623e+00
2.854412898310103628e+03,1.010565250259440440e+00
2.854433329990184575e+03,1.010978539716459235e+00
2.854453761670258245e+03,1.011505101068857826e+00
2.854474193350106361e+03,1.012734360759036889e+00
2.854494625129955239e+03,1.014587367957828556e+00
2.854515056709336932e+03,1.016832632001097414e+00
2.854535488388712110e+03,1.012488316906344332e+00
2.854555920167862496e+03,1.002302795751653264e+00
2.854576351746771252e+03,9.899500865847215003e-01
2.854596783425455214e+03,9.834818374071675473e-01
2.854637646782357479e+03,9.777630449077653330e-01
2.854658078460568504e+03,9.786494148461855058e-01
2.854678510238554736e+03,9.792141193075597494e-01
2.854698941816532169e+03,9.794577744385218887e-01
2.854719373494051979e+03,9.808271441871324603e-01
2.854739805271572550e+03,9.811925013241378224e-01
2.854760236848858767e+03,9.814498244803054883e-01
2.854780668525905639e+03,9.814580995190953505e-01
2.854801100302727718e+03,9.846200501299241514e-01
2.854821531979541760e+03,9.938960933592173586e-01
2.854841963656130247e+03,1.004952252657567824e+00
2.854862395332485903e+03,1.013158271345470096e+00
2.854882827008601453e+03,1.013995772104545168e+00
2.854903258684491448e+03,1.012494181913139002e+00
2.854923690360381443e+03,1.012531803160479082e+00
2.854944122036031331e+03,1.011817127950332518e+00
2.854964553811456426e+03,1.010841772582046882e+00
2.854984985386647168e+03,1.010452636448713859e+00
2.855005417061831395e+03,1.010750196983758231e+00
2.855025848836557998e+03,1.010970734323442199e+00
2.855046280411283078e+03,1.012257540999501160e+00
2.855066712086001644e+03,1.013315816777089706e+00
2.855087143860262586e+03,1.014070200112795028e+00
2.855107575434522005e+03,1.014619157029440277e+00
2.855128007208310009e+03,1.015252131147905246e+00
2.855148438882104529e+03,1.016282809466370285e+00
2.855168870455898286e+03,1.015331869904325002e+00
2.855189302229220630e+03,1.014264704097980641e+00
2.855209733802548726e+03,1.012701934704474116e+00
2.855230165475644753e+03,1.010992634941214385e+00
2.855250597248501435e+03,1.010803657586031079e+00
2.855271028821131040e+03,1.008774822403600835e+00
2.855291460493761406e+03,1.007015427735426849e+00
2.855311892266152427e+03,1.004229341467096859e+00
2.855332323938317131e+03,1.003340860936773993e+00
2.855373187282173603e+03,1.005012595901223049e+00
2.855393618953872647e+03,1.004621137423114652e+00
2.855414050525338098e+03,1.003728337114093261e+00
2.855434482296564966e+03,1.002427677186636501e+00
2.855454913967798348e+03,1.000999121885298271e+00
2.855475345738799660e+03,9.982510975688481114e-01
2.855495777309559344e+03,9.959759653515057876e-01
2.855516208980094234e+03,9.943349495542272987e-01
2.855536640750389779e+03,9.932700028863873376e-01
2.855557072320691077e+03,9.916980873699241528e-01
2.855577503990760306e+03,9.903101992226913675e-01
2.855618367330425826e+03,9.914314318173225171e-01
2.855638799000029394e+03,9.879375249043881313e-01
2.855659230769393616e+03,9.848580874820168640e-01
2.855679662338530761e+03,9.818221176044080734e-01
2.855700094007435837e+03,9.792218305787323551e-01
2.855720525776341674e+03,9.779223186132879331e-01
2.855740957345005882e+03,9.695473942854391236e-01
2.855761389013445296e+03,9.441284578059397914e-01
2.855781820781878196e+03,9.109182346447355361e-01
2.855802252450084779e+03,8.772562129825668409e-01
2.855822684118058532e+03,8.569380038328290317e-01
2.855843115785799455e+03,8.542911612851016301e-01
2.855863547453300271e+03,8.538658242549078681e-01
2.855883979120808362e+03,8.540178767281263461e-01
2.855904410788076348e+03,8.564867248029219837e-01
2.855924842355350847e+03,8.573497490565925583e-01
2.855945274122161209e+03,8.581793902183429967e-01
2.855965705788970808e+03,8.594699830215947189e-01
2.855986137455540302e+03,8.589366794797078652e-01
2.856006569121884240e+03,8.698101748272556444e-01
2.856027000788220903e+03,8.981401747944089964e-01
2.856108727351493144e+03,9.688182750524262365e-01
2.856129159116906521e+03,9.699584432208278040e-01
2.856149590782079031e+03,9.710749953325351624e-01
2.856170022547259578e+03,9.724777767968805220e-01
2.856190454112205771e+03,9.745958657753894805e-01
2.856210885776919895e+03,9.767759924481527189e-01
2.856231317541394674e+03,9.792730324606041536e-01
2.856251749105875206e+03,9.835230463095163689e-01
2.856272180770116393e+03,9.871123542450183086e-01
2.856292612534132786e+03,9.920335492662479826e-01
2.856313044197915588e+03,9.959041401320753994e-01
2.856333475761697628e+03,9.998668922953865001e-01
2.856353907525241084e+03,1.003838489002450984e+00
2.856374339188558224e+03,1.008184017658352083e+00
2.856394770751867327e+03,1.010772709117953028e+00
2.856415202514719567e+03,1.015475368001335976e+00
2.856435634177803877e+03,1.018499115863355176e+00
2.856456065740421764e+03,1.020811309633181008e+00
2.856476497503033897e+03,1.022695383973285743e+00
2.856496929165419715e+03,1.024496975019507650e+00
2.856517360927566187e+03,1.022294441185834568e+00
2.856537792489485582e+03,1.023157133035816235e+00
2.856558224151405739e+03,1.022113488232946787e+00
2.856599087474773114e+03,1.017704528708727185e+00
2.856619519136227609e+03,1.015936300039077755e+00
2.856639950897442759e+03,1.014075651177749782e+00
2.856660382458430831e+03,1.011944312234425825e+00
2.856680814119419665e+03,1.009848208243376622e+00
2.856701245779935562e+03,1.008026945650740469e+00
2.856721677440691565e+03,1.005756287719167918e+00
2.856742109100981907e+03,1.003112449880619206e+00
2.856762540761264972e+03,1.000296905904295430e+00
2.856782972421322484e+03,9.964660958491785570e-01
2.856803404081147164e+03,9.929038599707870061e-01
2.856823835840965330e+03,9.893272223439730784e-01
2.856844267400556419e+03,9.876914518615251826e-01
2.856864699159908923e+03,9.847866201814066134e-01
2.856885130819267943e+03,9.842847173640436598e-01
2.856905562378393370e+03,9.830315034176754230e-01
2.856925994137287489e+03,9.831298435642570333e-01
2.856946425795940740e+03,9.825397413293268656e-01
2.856966857354600506e+03,9.762073780837394743e-01
2.856987289113021689e+03,9.652269845919254632e-01
2.857007720771449385e+03,9.547321165506854612e-01
2.857028152329643490e+03,9.490741074244687381e-01
2.857048584087606287e+03,9.495623037703985192e-01
2.857069015745328215e+03,9.505128973720924357e-01
2.857089447303056659e+03,9.520017902319318770e-01
2.857109879060546518e+03,9.548320681630043660e-01
2.857130310717810062e+03,9.558832374226461370e-01
2.857150742475074367e+03,9.578299964956699108e-01
2.857171174032104318e+03,9.592374713159852462e-01
2.857191605688894924e+03,9.600228766383742673e-01
2.857212037445693568e+03,9.615591910471924519e-01
2.857232469002250582e+03,9.654199222195153363e-01
2.857252900658582803e+03,9.750339354465435981e-01
2.857273332414682955e+03,9.857304250863634376e-01
2.857293764070775069e+03,9.966614736216493631e-01
2.857334627382508188e+03,1.007491123285439993e+00
2.857355059038134641e+03,1.008202587483707502e+00
2.857375490593534778e+03,1.007400724377671697e+00
2.857395922348936438e+03,1.007321862990583128e+00
2.857416353903870913e+03,1.006866381796756693e+00
2.857436785559031705e+03,1.007808825647724005e+00
2.857457217313734873e+03,1.009918311827535220e+00
2.857477648868429242e+03,1.010770454347649894e+00
2.857498080622899579e+03,1.011654810201134680e+00
2.857518512277369155e+03,1.011671632027833612e+00
2.857538943831372308e+03,1.011873032816713369e+00
2.857600238793136668e+03,1.013836978916749398e+00
2.857620670546675683e+03,1.011832639158632308e+00
2.857641102200213936e+03,1.010507194710974499e+00
2.857661533853512083e+03,1.009601786435276205e+00
2.857681965506584675e+03,1.008914555363397580e+00
2.857702397159424436e+03,1.008330622736131499e+00
2.857722828812256921e+03,1.006312851885710069e+00
2.857743260464863852e+03,1.005659803180463108e+00
2.857763692117470782e+03,1.004486888266090006e+00
2.857784123769837606e+03,1.004390872648879496e+00
2.857804555521979637e+03,1.004165412863089024e+00
2.857824987074120145e+03,1.002339082325885755e+00
2.857845418826022069e+03,9.999666099897591698e-01
2.857865850477697677e+03,9.979829365488891435e-01
2.857886282029372524e+03,9.956765954191357793e-01
2.857906713780808786e+03,9.928823067431290506e-01
2.857927145432018733e+03,9.914679827221826169e-01
2.857947576983227918e+03,9.895790784910779569e-01
2.857968008734198520e+03,9.877639151558516017e-01
2.857988440384942805e+03,9.854459546997507147e-01
2.858008871935686329e+03,9.828723807678252378e-01
2.858029303686191270e+03,9.799226418687015938e-01
2.858049735336702724e+03,9.786869275673729662e-01
2.858070166886980587e+03,9.766604286339334307e-01
2.858090598637019866e+03,9.735989455048065233e-01
2.858111030287065660e+03,9.710420631053240381e-01
2.858131462036646553e+03,9.705474311535784437e-01
2.858151893586451479e+03,9.695598800266742590e-01
2.858172325235798780e+03,9.645320511873038960e-01
2.858192756885146082e+03,9.429064849664501313e-01
2.858213188534486108e+03,9.110878475323473946e-01
2.858233620183600578e+03,8.782034739508535193e-01
2.858254051832482219e+03,8.576637351328691983e-01
2.858274483481123752e+03,8.542482230353372064e-01
2.858294915129772562e+03,8.534329889692897630e-01
2.858315346778188541e+03,8.541182086640982662e-01
2.858335778426597244e+03,8.549911272743075941e-01
2.858356210074780392e+03,8.561799344962524039e-01
2.858376641822731472e+03,8.579632556600587101e-01
2.858397073370673752e+03,8.606402392989546124e-01
2.858560526648667292e+03,9.889299764952934613e-01
2.858580958195219864e+03,9.900508527326205011e-01
2.858601389941541129e+03,9.907966830145662485e-01
2.858621821587861632e+03,9.923205221577826585e-01
2.858642253233942029e+03,9.934581526986426825e-01
2.858662684880029701e+03,9.948060990697145112e-01
2.858683116525877267e+03,9.962790483476398062e-01
2.858703548171732109e+03,9.970371699935370868e-01
2.858723979817354120e+03,9.980133209248698289e-01
2.858744411462743301e+03,9.979852267714678371e-01
2.858764843207893136e+03,9.984352967822849312e-01
2.858785274853049486e+03,9.997728357792299292e-01
2.858805706398197799e+03,1.000995013275502332e+00
2.858826138043121318e+03,1.002525066100002693e+00
2.858846569787812768e+03,1.003729835351640620e+00
2.858867001332269865e+03,1.004523415852646151e+00
2.858887433076721209e+03,1.006477963028636902e+00
2.858907864621178305e+03,1.007792333882670421e+00
2.858928296265396057e+03,1.009678364274018358e+00
2.858948728009389015e+03,1.011577000252410485e+00
2.858969159553264035e+03,1.013157284665676006e+00
2.858989591197023401e+03,1.014468268092295622e+00
2.859010022940659837e+03,1.015740642239518321e+00
2.859030454484069196e+03,1.017534060503593407e+00
2.859050886127472040e+03,1.019649834993408666e+00
2.859071317870650091e+03,1.019793545962056625e+00
2.859091749413710204e+03,1.021986155756158920e+00
2.859112181156648148e+03,1.023341707097750852e+00
2.859132612799476192e+03,1.024336540348353530e+00
2.859153044342070643e+03,1.025851141378857356e+00
2.859173476084542926e+03,1.025792941790055091e+00
2.859193907727021724e+03,1.026166987322915114e+00
2.859214339369151276e+03,1.026656368030732569e+00
2.859234771011273551e+03,1.026060676345353473e+00
2.859255202653286688e+03,1.026320052694056573e+00
2.859296065936840023e+03,1.023291711610501586e+00
2.859316497578387498e+03,1.022283957960511636e+00
2.859336929219818558e+03,1.020130637929918649e+00
2.859357360961010272e+03,1.017932349022050875e+00
2.859377792502207740e+03,1.015159046893508554e+00
2.859398224243166624e+03,1.007813448378183763e+00
2.859418655884132022e+03,9.945679590034065543e-01
2.859439087424863828e+03,9.805140212670533373e-01
2.859459519165480742e+03,9.713031792200224057e-01
2.859479950805973203e+03,9.683789934989367465e-01
2.859500382346355764e+03,9.663738741749492434e-01
2.859541245626649470e+03,9.661625939179369071e-01
2.859561677266567131e+03,9.637734535017205006e-01
2.859582109006369137e+03,9.615526887805415646e-01
2.859602540646046691e+03,9.598558160420560537e-01
2.859622972185614344e+03,9.584280387618198116e-01
2.859643403924943414e+03,9.585803979082445636e-01
2.859663835464278236e+03,9.618607218436364681e-01
2.859684267103497405e+03,9.718086630445418317e-01
2.859704698842484504e+03,9.850352470954304440e-01
2.859725130481347151e+03,9.948949886634959050e-01
2.859745562120100658e+03,9.980184506663641875e-01
2.859765993758730474e+03,1.000052716198506664e+00
2.859786425397251151e+03,1.003391167323095967e+00
2.859806857035655412e+03,1.005591548064337815e+00
2.859827288673826843e+03,1.008284166871434406e+00
2.859847720311990997e+03,1.011418607001640213e+00
2.859868152049930359e+03,1.013169594718442479e+00
2.859888583587744506e+03,1.016382637185232252e+00
2.859909015225450275e+03,1.019877517180113546e+00
2.859929446963040391e+03,1.022747340270164118e+00
2.859949878500512568e+03,1.025115831524148646e+00
2.859970310137861816e+03,1.026128759417603176e+00
2.859990741875102685e+03,1.027489536465535425e+00
2.860011173412101925e+03,1.028037855119599220e+00
2.860031605149109964e+03,1.029560704212105771e+00
2.860052036785884411e+03,1.030852577129447667e+00
2.860072468322541681e+03,1.031924220149030402e+00
2.860092900059193198e+03,1.031979074347703751e+00
2.860113331695618399e+03,1.031535444389755307e+00
2.860133763231919147e+03,1.030890193906617069e+00
2.860154194968112279e+03,1.028992988138093700e+00
2.860174626604188234e+03,1.027077136371949972e+00
2.860195058240024082e+03,1.024086070703214002e+00
2.860215489875867206e+03,1.021064507214862305e+00
2.860235921511593915e+03,1.018643841274130768e+00
2.860256353147080517e+03,1.015305508382823296e+00
2.860276784782574396e+03,1.011342821001582015e+00
2.860297216417835443e+03,1.008469267776205935e+00
2.860317648052972800e+03,1.004384104133963396e+00
2.860338079688117432e+03,1.001161304417263143e+00
2.860358511323029234e+03,9.966385590879227596e-01
2.860378943057818105e+03,9.929331183200270639e-01
2.860399374592496315e+03,9.894022801515358623e-01
2.860419806227058871e+03,9.859693547386124690e-01
2.860440237961498497e+03,9.821986178430311965e-01
2.860460669495827460e+03,9.795060173090347488e-01
2.860481101130040770e+03,9.778600606928394834e-01
2.860521964397994452e+03,9.752037932859417557e-01
2.860542396031858516e+03,9.719367257957117756e-01
2.860562827765483235e+03,9.693156098017879918e-01
2.860583259299113706e+03,9.672591369096513736e-01
2.860603691032512870e+03,9.608522037556661566e-01
2.860624122665903997e+03,9.378611571649441148e-01
2.860644554199068807e+03,9.056372752983492536e-01
2.860664985932118725e+03,8.723088158057977770e-01
2.860685417565160606e+03,8.501318915854150227e-01
2.860705849197976931e+03,8.435781467876830586e-01
2.860726280830676842e+03,8.414193460311957251e-01
2.860746712463369477e+03,8.410583827597583051e-01
2.860767144095836557e+03,8.416719054964935109e-01
2.860787575728187221e+03,8.437746147906337590e-01
2.860808007360414194e+03,8.475137684822720008e-01
2.860828438992532028e+03,8.512878589021789510e-01
2.860848870724526932e+03,8.555271956799120892e-01
2.860869302256411174e+03,8.715745928711413626e-01
2.860889733988180524e+03,9.027895013327795759e-01
2.860910165619832696e+03,9.358443021173624699e-01
2.860930597151476832e+03,9.630245824932970322e-01
2.860951028882780520e+03,9.758157023640005034e-01
2.860971460514076171e+03,9.787897733594961291e-01
2.860991892045378336e+03,9.809169007948816965e-01
2.861012323776332778e+03,9.828896388813651575e-01
2.861032755307402113e+03,9.841485410377499576e-01
2.861053186938115687e+03,9.862227180689135952e-01
2.861073618668837298e+03,9.882345178350090409e-01
2.861094050199557387e+03,9.905698321031940479e-01
2.861114481829921715e+03,9.913761791009116919e-01
2.861134913560294081e+03,9.936035516732090178e-01
2.861155345090548508e+03,9.961154686472797337e-01
2.861175776720796421e+03,9.973570425010579443e-01
2.861196208450703125e+03,9.988817411219919062e-01
2.861216640080601792e+03,1.000000668579575258e+00
2.861237071710391319e+03,1.000666573696857187e+00
2.861257503340180847e+03,1.002109646273124488e+00
2.861277934969737544e+03,1.003352115429064328e+00
2.861298366599170549e+03,1.004172610168538871e+00
2.861318798228494416e+03,1.004085656500260271e+00
2.861339229457698821e+03,1.004177546560475864e+00
2.861359661186783342e+03,1.003645010918852387e+00
2.861380092815874377e+03,1.003006190246338303e+00
2.861400524344731821e+03,1.002458692725875178e+00
2.861420956073467096e+03,1.001711330334212002e+00
2.861441387702092470e+03,1.001921648817731603e+00
2.861461819230717083e+03,1.001444480404082071e+00
2.861502682587379240e+03,1.000023840758392568e+00
2.861523114215655369e+03,1.000408526112525065e+00
2.861543545843691390e+03,9.997005216605224787e-01
2.861563977371733927e+03,1.001223443415216741e+00
2.861584409099661571e+03,1.002257830429226892e+00
2.861604840727348346e+03,1.003060813467614221e+00
2.861625272255041637e+03,1.003754733458308568e+00
2.861645703982620034e+03,1.004504687633812843e+00
2.861666135609957564e+03,1.006444564192481517e+00
2.861686567237302370e+03,1.009405607390604365e+00
2.861706998864530760e+03,1.011302926896106680e+00
2.861727430491635459e+03,1.013137568103861907e+00
2.861747862118631019e+03,1.014617314297671324e+00
2.861768293745510164e+03,1.015274604125102842e+00
2.861788725372265617e+03,1.016636454948028678e+00
2.861809157099029107e+03,1.017289792801211457e+00
2.861829588725559006e+03,1.011799061101011477e+00
2.861850020251964452e+03,1.000681303849500825e+00
2.861870451978378696e+03,9.875774318925446549e-01
2.861890883604559349e+03,9.799826104676303551e-01
2.861911315130731964e+03,9.770085187489372380e-01
2.861931746856796963e+03,9.759761841929456283e-01
2.861952178482628369e+03,9.746724623726363834e-01
2.861972610008451738e+03,9.728361169081810589e-01
2.861993041734167491e+03,9.706215813527850900e-01
2.862074768235972442e+03,9.635235632184381283e-01
2.862095199961098842e+03,9.655261126703903463e-01
2.862115631486230996e+03,9.739324434055907087e-01
2.862136063111131079e+03,9.845902087928237734e-01
2.862156494836024649e+03,9.923654896332610997e-01
2.862176926360807556e+03,9.918796678317147730e-01
2.862197357985358394e+03,9.907908107884032534e-01
2.862238221234452794e+03,9.892628138363676049e-01
2.862258652858770802e+03,9.892888297306530188e-01
2.862279084582965879e+03,9.894016402471697003e-01
2.862299516107166710e+03,9.890397942514352891e-01
2.862319947731135471e+03,9.898747910825241858e-01
2.862340379455097718e+03,9.900296671158164141e-01
2.862360810978949303e+03,9.905577685115545261e-01
2.862381242702685995e+03,9.906825742603564411e-01
2.862401674326298235e+03,9.915690793972437023e-01
2.862422105849800573e+03,9.929920688229102455e-01
2.862442537573180743e+03,9.944159295236379981e-01
2.862462969196451013e+03,9.963530988603953586e-01
2.862483400719720521e+03,9.966894194183542055e-01
2.862503832442875137e+03,9.987855334285099529e-01
2.862524264065905300e+03,1.000841896125220121e+00
2.862544695588825562e+03,1.003081640458330481e+00
2.862565127311623655e+03,1.004876834545536779e+00
2.862585558934311848e+03,1.006863234168830390e+00
2.862605990656884387e+03,1.008647082367551517e+00
2.862626422179455403e+03,1.009449085028293780e+00
2.862646853801903490e+03,1.011088468077869118e+00
2.862667285524243198e+03,1.012388781396806881e+00
2.862687717046457692e+03,1.012646237601913635e+00
2.862708148668563808e+03,1.013274976860483179e+00
2.862728580390554271e+03,1.013040060383926022e+00
2.862749011912543210e+03,1.012404863354212869e+00
2.862769443534292805e+03,1.012191885305114170e+00
2.862789875256050436e+03,1.011711634452716169e+00
2.862810306877683615e+03,1.010646256156151113e+00
2.862830738399206894e+03,1.008308737627033214e+00
2.862851170120615279e+03,1.006033940897890444e+00
2.862871601742015628e+03,1.004415267222198205e+00
2.862892033363190421e+03,1.001348264288304035e+00
2.862912464984365215e+03,9.981558393847640431e-01
2.862932896505415556e+03,9.952072060340698689e-01
2.862953328226358281e+03,9.935412601568014423e-01
2.862973759847300244e+03,9.905507542178051406e-01
2.862994191468002100e+03,9.884429119945206121e-01
2.863014623088711232e+03,9.869989677411972195e-01
2.863035054709303949e+03,9.773228307301021767e-01
2.863055486229772214e+03,9.515263183722728613e-01
2.863218939290192793e+03,8.595518038319135412e-01
2.863239371009847673e+03,8.627790129590447998e-01
2.863259802529391891e+03,8.667937881557801205e-01
2.863280234148936870e+03,8.722403441212539521e-01
2.863300665868242504e+03,8.881259120617003289e-01
2.863464118919931934e+03,1.022393799092077060e+00
2.863484550438421138e+03,1.025280804775481558e+00
2.863504982056918379e+03,1.028561731875145213e+00
2.863525413775292691e+03,1.032264466598457719e+00
2.863545845293556340e+03,1.034027172873206446e+00
2.863566276911704335e+03,1.036764013131288076e+00
2.863586708629845816e+03,1.038903043610569510e+00
2.863607140147876635e+03,1.040822084607158748e+00
2.863627571765791799e+03,1.042124833422515939e+00
2.863648003483584034e+03,1.043014709270540186e+00
2.863668435001382022e+03,1.043696362571787883e+00
2.863688866619064356e+03,1.043816643497905261e+00
2.863709298236630275e+03,1.042555932869569491e+00
2.863729729854072502e+03,1.041264641549849657e+00
2.863750161571522767e+03,1.039321109273398269e+00
2.863770593088847818e+03,1.036535115796441753e+00
2.863791024706064491e+03,1.033540496121581942e+00
2.863811456423165509e+03,1.030585471447677426e+00
2.863831888040258491e+03,1.028200861581034742e+00
2.863852319557241572e+03,1.024753337858805402e+00
2.863872751274109760e+03,1.020525814414001919e+00
2.863893182890853495e+03,1.015404015675099192e+00
2.863913614407603745e+03,1.011258137629571952e+00
2.863934046124239103e+03,1.007509747225556307e+00
2.863954477740750008e+03,1.003679114276477380e+00
2.863974909257267427e+03,9.992171679106635063e-01
2.863995340973553539e+03,9.952665888701315300e-01
2.864015772589831613e+03,9.921126845431810226e-01
2.864036204306117725e+03,9.885617182967763039e-01
2.864056635822169483e+03,9.859552977277468155e-01
2.864077067438214726e+03,9.839880857911366130e-01
2.864097499154268007e+03,9.820423199102682466e-01
2.864117930670086935e+03,9.801005495583169358e-01
2.864138362285899348e+03,9.780195583922700608e-01
2.864158794001603383e+03,9.772299025517672266e-01
2.864179225517189479e+03,9.773549099030931497e-01
2.864199657132769062e+03,9.776057268629101404e-01
2.864220088848240266e+03,9.784271089851745984e-01
2.864240520363593532e+03,9.781903327116329150e-01
2.864260951978940284e+03,9.736655277787996665e-01
2.864281383694178658e+03,9.624921998623484631e-01
2.864301815309299855e+03,9.524811484803190620e-01
2.864322246924297360e+03,9.456512935429023381e-01
2.864342678539302142e+03,9.460920950546664043e-01
2.864363110154190508e+03,9.473668351734682025e-01
2.864383541769071599e+03,9.484437965308595286e-01
2.864403973383843550e+03,9.502891355338605184e-01
2.864444836613030930e+03,9.542261065950868870e-01
2.864465268227570050e+03,9.538355857592550890e-01
2.864485699741991994e+03,9.549470531116284189e-01
2.864506131456291769e+03,9.560970296172152105e-01
2.864526563070598058e+03,9.617755270093218956e-01
2.864546994584787171e+03,9.731130114663247843e-01
2.864567426298854116e+03,9.866431901533748716e-01
2.864587857912927575e+03,9.964969506114933484e-01
2.864608289626878104e+03,9.983372007507105295e-01
2.864628721140717971e+03,9.984167909127682483e-01
2.864649152754558600e+03,9.991242547784842110e-01
2.864690015981999750e+03,1.004317152427941728e+00
2.864710447595491132e+03,1.003641011383357817e+00
2.864730879308976000e+03,1.003684847840262906e+00
2.864751310822466621e+03,1.004674189166119946e+00
2.864771742435841588e+03,1.004270672913095019e+00
2.864792174149100902e+03,1.004873122561406040e+00
2.864812605762235762e+03,1.005516616467664992e+00
2.864833037375377899e+03,1.006231778674394173e+00
2.864853468988396344e+03,1.006711333750686777e+00
2.864873900601422065e+03,1.007991690364479886e+00
2.864894332214331371e+03,1.009987288685870510e+00
2.864914763827124261e+03,1.010701733456481399e+00
2.864935195439909876e+03,1.011866098781438295e+00
2.864955627152587113e+03,1.012744999278586411e+00
2.864976058665139135e+03,1.013494023775232566e+00
2.864996490277699195e+03,1.013309786202156948e+00
2.865016921990143601e+03,1.013204144168644349e+00
2.865037353502586484e+03,1.014265680694391047e+00
2.865057785114906437e+03,1.015214954168198735e+00
2.865078216727117251e+03,1.016419084708002574e+00
2.865098648339320789e+03,1.015710408158653655e+00
2.865119080051415949e+03,1.014888416590543407e+00
2.865139511563393171e+03,1.016395252223156964e+00
2.865180374887226208e+03,1.014273439984443304e+00
2.865200806399087014e+03,1.012393126535813481e+00
2.865221238010824891e+03,1.011670767560864714e+00
2.865241669722454390e+03,1.009997762142810229e+00
2.865262101234082365e+03,1.008758075267218057e+00
2.865282532845711103e+03,1.006877497468180893e+00
2.865302964557100495e+03,1.004653426210765810e+00
2.865323396068495640e+03,1.001708456744140330e+00
2.865343827679884271e+03,9.997868588691963820e-01
2.865364259391048108e+03,9.972520367672833563e-01
2.865384691002327600e+03,9.948255848248412914e-01
2.865425554224530060e+03,9.907748343107161126e-01
2.865445985835460306e+03,9.879784890076394044e-01
2.865466417446383275e+03,9.797330720695708317e-01
2.865486849057197105e+03,9.549005423904363132e-01
2.865507280668010935e+03,9.207134415538259509e-01
2.865670733551938611e+03,8.514431700556035487e-01
2.865691165262171126e+03,8.514320495233035357e-01
2.865711596772278426e+03,8.533479784630590981e-01
2.865732028382277349e+03,8.663951987958241618e-01
2.865752460092277033e+03,8.958535112088009678e-01
2.865772891602267919e+03,9.284618290290661546e-01
2.865793323212150426e+03,9.552043880352835137e-01
2.865813754921917280e+03,9.664253627766822285e-01
2.865834186431675334e+03,9.664821011816658869e-01
2.865854618041325011e+03,9.684465325151100368e-01
2.865875049750975450e+03,9.709125295490093066e-01
2.865895481360501435e+03,9.732882053437282854e-01
2.865915912970034697e+03,9.763849873697005854e-01
2.865936344579444267e+03,9.794605786480965470e-01
2.865956776188744698e+03,9.817329769254483640e-01
2.865977207798045129e+03,9.849126855407872583e-01
2.865997639407345559e+03,9.880247665473443908e-01
2.866018071016522299e+03,9.908743339648180548e-01
2.866038502725590661e+03,9.948358980996542256e-01
2.866058934234650224e+03,9.983123776674048822e-01
2.866079365843717824e+03,1.002043940528204002e+00
2.866099797552669770e+03,1.004865757865716303e+00
2.866120229061503778e+03,1.006342802517407709e+00
2.866161092379050388e+03,1.012864199788425124e+00
2.866181523887760704e+03,1.015231785833428768e+00
2.866201955596363405e+03,1.017162039014198438e+00
2.866222387204965344e+03,1.018841195668935606e+00
2.866242818713566521e+03,1.020558756754230911e+00
2.866263250421929115e+03,1.021171674594012035e+00
2.866283682030414639e+03,1.021830539080281097e+00
2.866304113538775709e+03,1.021054905545860647e+00
2.866324545247029164e+03,1.021321981244696753e+00
2.866344976855281857e+03,1.020877743321795039e+00
2.866365408463410859e+03,1.020736105275952932e+00
2.866385840071547136e+03,1.019943836251571812e+00
2.866406271679566999e+03,1.018457798099812406e+00
2.866426703287579585e+03,1.017528369370087393e+00
2.866447134895599447e+03,1.016091989564698705e+00
2.866467566503386479e+03,1.014703692121611933e+00
2.866487998111282650e+03,1.012942995216066677e+00
2.866508429719069682e+03,1.011231502948479521e+00
2.866528861326740298e+03,1.008099708996575972e+00
2.866549293034404400e+03,1.006868263697690447e+00
2.866569724542074255e+03,1.003760672111028818e+00
2.866590156149628456e+03,1.002289395602146360e+00
2.866610587857059727e+03,1.002138487026538627e+00
2.866651451071935298e+03,9.983268473982699343e-01
2.866671882679249393e+03,9.963417683727275875e-01
2.866692314186570002e+03,9.876056182517728432e-01
2.866712745893775718e+03,9.752037117819050138e-01
2.866733177500973397e+03,9.635775246507545244e-01
2.866753609008177591e+03,9.574667241972693033e-01
2.866774040715150477e+03,9.554474836012950556e-01
2.866794472322231741e+03,9.546824424179156665e-01
2.866814903829203104e+03,9.545629257607293194e-01
2.866835335536059574e+03,9.542092448101693325e-01
2.866855767142908007e+03,9.553267548613928462e-01
2.866896630356503010e+03,9.604894007712870829e-01
2.866917061963235028e+03,9.610601981505623170e-01
2.866937493669858668e+03,9.626003101062793332e-01
2.866957925176480785e+03,9.668445267533943843e-01
2.866978356783096388e+03,9.779024335345885000e-01
2.866998788489603612e+03,9.910234698278701515e-01
2.867019220095986384e+03,1.001144703847979489e+00
2.867039651602492086e+03,1.004576443359493476e+00
2.867060083308766480e+03,1.005701143576675838e+00
2.867080514915156527e+03,1.007223391399061141e+00
2.867100946421422123e+03,1.009736081921094986e+00
2.867121378127580101e+03,1.010523559469279631e+00
2.867141809633736557e+03,1.012051101502176920e+00
2.867162241339887260e+03,1.013118807865494020e+00
2.867182672945928061e+03,1.013471088542767573e+00
2.867203104451968102e+03,1.014787184309476453e+00
2.867223536157885974e+03,1.015872099165975762e+00
2.867243967763810360e+03,1.016373763604413005e+00
2.867264399269733985e+03,1.017025568516577438e+00
2.867284830975535442e+03,1.016538565617125300e+00
2.867305262581343413e+03,1.017042156727338442e+00
2.867325694087034208e+03,1.017707259729996760e+00
2.867346125792719249e+03,1.018718055585825732e+00
2.867386989103979431e+03,1.016496803158901896e+00
2.867407420609553810e+03,1.014435998010851492e+00
2.867427852215012535e+03,1.013594882531478447e+00
2.867448283920464746e+03,1.012710570656669473e+00
2.867468715425922710e+03,1.011010872827746709e+00
2.867489147031265020e+03,1.009285106640780860e+00
2.867509578736600815e+03,1.007234164946643418e+00
2.867530010341826710e+03,1.004401827635890143e+00
2.867550441847168258e+03,1.002260837106208280e+00
2.867570873552271223e+03,9.993129463367373955e-01
2.867591305157497118e+03,9.982437485396221666e-01
2.867632168367592385e+03,9.929295808396820799e-01
2.867652599972701864e+03,9.907962059519531683e-01
2.867673031677695690e+03,9.886409341892912206e-01
2.867693463182564301e+03,9.873031235280923523e-01
2.867713894787440950e+03,9.852419059731652995e-01
2.867734326392317598e+03,9.844571901339970177e-01
2.867754757997186971e+03,9.819576302553364444e-01
2.867775189601947204e+03,9.800265367357395840e-01
2.867795621306591784e+03,9.779340409331200856e-01
2.867816052811343980e+03,9.770160363385778091e-01
2.867836484415987798e+03,9.767924785302057877e-01
2.867856916020631616e+03,9.754717881348962116e-01
2.867877347625151742e+03,9.754087690507091679e-01
2.867897779329679906e+03,9.693234020793789485e-01
2.867918210834206548e+03,9.467188649972533288e-01
2.867938642438610259e+03,9.155083310775774530e-01
2.867959074143022008e+03,8.825704450147385804e-01
2.867979505647432234e+03,8.608360780429040737e-01
2.867999937251719530e+03,8.561476918711560247e-01
2.868020368956014863e+03,8.527645439743891664e-01
2.868040800560309435e+03,8.517941497003704843e-01
2.868061232064479555e+03,8.519512044322673505e-01
2.868081663768658473e+03,8.532352153281662632e-01
2.868122526976891095e+03,8.580555143380856897e-01
2.868142958580952836e+03,8.624797115875799669e-01
2.868163390185014578e+03,8.783925519965066764e-01
2.868183821788952628e+03,9.113976263621790253e-01
2.868204253392897954e+03,9.457569109233722182e-01
2.868224684996843280e+03,9.728592619304966549e-01
2.868245116700665676e+03,9.849844706814570028e-01
2.868265548204610241e+03,9.859409583225415830e-01
2.868285979808439151e+03,9.864534909585354061e-01
2.868306411512145132e+03,9.876617138909328242e-01
2.868326843015856866e+03,9.890653098022053058e-01
2.868367706323275343e+03,9.926389218140037052e-01
2.868388137826870661e+03,9.949151969544615115e-01
2.868408569530460227e+03,9.972740009877760770e-01
2.868429001134056307e+03,9.984957807646460681e-01
2.868449432637651626e+03,9.997789182676179998e-01
2.868469864341124776e+03,1.000399807109315642e+00
2.868490295944604441e+03,1.002223538532049707e+00
2.868510727547967690e+03,1.003985029448235977e+00
2.868531159151440079e+03,1.005903168904652478e+00
2.868551590654802567e+03,1.008327006071802590e+00
2.868572022258165816e+03,1.010068958408779194e+00
2.868592453961406136e+03,1.010333916672599086e+00
2.868612885564652970e+03,1.012053397317491221e+00
2.868633317167899804e+03,1.011971232212099725e+00
2.868653748771139362e+03,1.013924550884023779e+00
2.868674180374269781e+03,1.013843914937062385e+00
2.868694612077517377e+03,1.015840739739758414e+00
2.868715043580639758e+03,1.016825406135728915e+00
2.868735475183653762e+03,1.019393954064991226e+00
2.868755906886784942e+03,1.020822155017163890e+00
2.868776338389790908e+03,1.021171259414357602e+00
2.868796769992804911e+03,1.022060569841379163e+00
2.868817201695703261e+03,1.024319009068330733e+00
2.868858064901607577e+03,1.024632233295094563e+00
2.868878496504388750e+03,1.024840681133102560e+00
2.868898928007278300e+03,1.024672855193556220e+00
2.868919359710176650e+03,1.024703364569937936e+00
2.868939791312957823e+03,1.024774475214205616e+00
2.868960222815730958e+03,1.024596680099627344e+00
2.868980654518396477e+03,1.023225823129120693e+00
2.869001086121177650e+03,1.022007206193658257e+00
2.869021517623834370e+03,1.019942353067386565e+00
2.869041949326499889e+03,1.018260173921119671e+00
2.869062380929106439e+03,1.016813894977294241e+00
2.869103244134312263e+03,1.013950375521945002e+00
2.869123675736860605e+03,1.006008012226112802e+00
2.869144107339343464e+03,9.919708717764633699e-01
2.869164539041892567e+03,9.784296590275195493e-01
2.869184970544323733e+03,9.680743747635893737e-01
2.869205402146806591e+03,9.643605991176774639e-01
2.869225833749238518e+03,9.619311422594917227e-01
2.869246265351612237e+03,9.603766340678256963e-01
2.869266697053979442e+03,9.591826055129660800e-01
2.869287128556352400e+03,9.571079010644343299e-01
2.869307560258661397e+03,9.555272301882298258e-01
2.869368855065549724e+03,9.552325282107839710e-01
2.869389286667741544e+03,9.602264139965661638e-01
2.869409718169998087e+03,9.705857954750466421e-01
2.869430149872190668e+03,9.832395495767906057e-01
2.869450581474331557e+03,9.939220071765650921e-01
2.869471012976471684e+03,9.966394247901840808e-01
2.869491444678613334e+03,9.960126074327135814e-01
2.869511876280746947e+03,9.968862672815104187e-01
2.869532307982772181e+03,9.973865621025796990e-01
2.869552739484846825e+03,9.993747291515341358e-01
2.869573171086871298e+03,1.000871468880846882e+00
2.869593602788896533e+03,1.002221787907489503e+00
2.869614034290920245e+03,1.004628709602553904e+00
2.869634465892879234e+03,1.006484312193523190e+00
2.869654897594846261e+03,1.009814218573775957e+00
2.869675329196805251e+03,1.011302950241670162e+00
2.869695760698712547e+03,1.013085787539907301e+00
2.869716192400621367e+03,1.014600844719720785e+00
2.869736624002463941e+03,1.016191699941454640e+00
2.869757055604371999e+03,1.016718836928977687e+00
2.869777487206221849e+03,1.018522025412017751e+00
2.869797918808006216e+03,1.020759337361279107e+00
2.869838782011647709e+03,1.021985173380854706e+00
2.869859213613432075e+03,1.022361859234092174e+00
2.869879645215165510e+03,1.022894835253097101e+00
2.869900076816898945e+03,1.023942385824559986e+00
2.869920508318624343e+03,1.023202595246041291e+00
2.869940940020358539e+03,1.022632829769462681e+00
2.869961371622033766e+03,1.021708906547271756e+00
2.869981803323702479e+03,1.020639384927694238e+00
2.870002234825376945e+03,1.018986559465793640e+00
2.870022666426993965e+03,1.017363116234253129e+00
2.870043098128604470e+03,1.015117505264011788e+00
2.870083961231837748e+03,1.012579959901509730e+00
2.870104392933390045e+03,1.008850309828350111e+00
2.870124824435006303e+03,1.006210212739721443e+00
2.870145256036506908e+03,1.002859458338948295e+00
2.870165687738059205e+03,1.000690531322578014e+00
2.870186119239617256e+03,9.981935827930674687e-01
2.870206550841117860e+03,9.964257341888359543e-01
2.870226982542611950e+03,9.942171078010283436e-01
2.870247414144112554e+03,9.926861303291577565e-01
2.870267845745554951e+03,9.908609834512258630e-01
2.870288277346990071e+03,9.897500003410011349e-01
2.870329140549874865e+03,9.799946392683283047e-01
2.870349572151309985e+03,9.555998726669611143e-01
2.870370003752752382e+03,9.231772154809376740e-01
2.870390435454130056e+03,8.902861966816540962e-01
2.870410866955513484e+03,8.697978151638277033e-01
2.870431298556897673e+03,8.636273989979188492e-01
2.870451730258282623e+03,8.606103830111222486e-01
2.870472161759600567e+03,8.609416354547385630e-01
2.870492593460985518e+03,8.619099105774939984e-01
2.870513024962310737e+03,8.644299890651780949e-01
2.870533456563629443e+03,8.679935913071690212e-01
2.870553888264956186e+03,8.708098942531745656e-01
2.870574319766281405e+03,8.770413100420586527e-01
2.870594751367600111e+03,8.942127638740869910e-01
2.870615183068868646e+03,9.267464009750949749e-01
2.870635614570135658e+03,9.618492527270998682e-01
2.870656046171396156e+03,9.888328898419720403e-01
2.870676477872664691e+03,1.000309585698222703e+00
2.870696909373931703e+03,1.002895151355410297e+00
2.870717341075192962e+03,1.005196647317946557e+00
2.870737772676402528e+03,1.006932297979505453e+00
2.870758204277663026e+03,1.008182770628086811e+00
2.870778635878872592e+03,1.009714511177711049e+00
2.870819499081342656e+03,1.013448012580732582e+00
2.870839930682552222e+03,1.012976809802457190e+00
2.870860362283761788e+03,1.013237809257390820e+00
2.870880793984906632e+03,1.012582270108854932e+00
2.870901225586116198e+03,1.012642829020642399e+00
2.870921657087325002e+03,1.012325649520690263e+00
2.870942088788469846e+03,1.012724116667628849e+00
2.870962520389679412e+03,1.011801584939692189e+00
2.870982951890830009e+03,1.010913631562645687e+00
2.871003383591974853e+03,1.009144845311224392e+00
2.871023815193184419e+03,1.008606618083274231e+00
2.871064678395479859e+03,1.006908810884110439e+00
2.871085109996631218e+03,1.005373929666163013e+00
2.871105541697776061e+03,1.003907348901155183e+00
2.871125973198926658e+03,1.002908790194571020e+00
2.871146404800078017e+03,1.002505803091931158e+00
2.871166836401229375e+03,1.001443530346398880e+00
2.871187268002373457e+03,1.000276662282436835e+00
2.871207699603524816e+03,9.996316089165679930e-01
2.871228131304611452e+03,9.982395776106957053e-01
2.871248562805762049e+03,9.959776588628078686e-01
2.871268994406913407e+03,9.964422700872224148e-01
2.871309857609150640e+03,9.944026365289190261e-01
2.871330289310302760e+03,9.934748466794922628e-01
2.871350720811453357e+03,9.937483278953708199e-01
2.871371152412539232e+03,9.936794095626207968e-01
2.871391584113691351e+03,9.941867075046660895e-01
2.871412015714842710e+03,9.949093522391668776e-01
2.871432447215986031e+03,9.958975462512602572e-01
2.871452878917079943e+03,9.966265334824641053e-01
2.871473310518224025e+03,9.968154750898953198e-01
2.871493742019374622e+03,9.972905545475545530e-01
2.871514173720468534e+03,9.976201036872210937e-01
2.871534605321619892e+03,9.967880825481115759e-01
2.871555037022764736e+03,9.901708564775973942e-01
2.871575468523915333e+03,9.776072544399465603e-01
2.871595900125059416e+03,9.662415186758367414e-01
2.871616331826211535e+03,9.593853031543501109e-01
2.871636763327362132e+03,9.588989467087767338e-01
2.871657194928513491e+03,9.599441322682622513e-01
2.871677626629658334e+03,9.603011644278999226e-01
2.871698058130808931e+03,9.593788411360379964e-01
2.871718489732011221e+03,9.588061179028291026e-01
2.871738921433163341e+03,9.585186833342916879e-01
2.871759352934313938e+03,9.589795529086176940e-01
2.871800216236668348e+03,9.619535550207242158e-01
2.871820647737877152e+03,9.680619683881953597e-01
2.871841079439080204e+03,9.794102729082352354e-01
2.871861511040289770e+03,9.929228109979353345e-01
2.871881942641499336e+03,1.003019403292609635e+00
2.871902374242701626e+03,1.006812039349142429e+00
2.871922805843911192e+03,1.006955311644033735e+00
2.871943237345119996e+03,1.007395991607698660e+00
2.871963669046381256e+03,1.010611836712695943e+00
2.871984100647590822e+03,1.012017115992625449e+00
2.872004532248858595e+03,1.014178149313928801e+00
2.872045395451386867e+03,1.015766664574101030e+00
2.872065827052654640e+03,1.017439510724178042e+00
2.872086258653915138e+03,1.018800864911816761e+00
2.872106690255182912e+03,1.021011773238829079e+00
2.872127121956451447e+03,1.023180518189560573e+00
2.872147553457769391e+03,1.025100223568692570e+00
2.872167985059095372e+03,1.026277100863135283e+00
2.872188416760422115e+03,1.028137327627840270e+00
2.872208848261740059e+03,1.029144530631565191e+00
2.872229279963125009e+03,1.029754906368548051e+00
2.872249711564450990e+03,1.032600182222377816e+00
2.872270143065827142e+03,1.032986010618367478e+00
2.872290574767153885e+03,1.034236721093251044e+00
2.872311006368538074e+03,1.033309767110676125e+00
2.872331437869972433e+03,1.033528366548244426e+00
2.872351869571357383e+03,1.033545053427834981e+00
2.872372301172799780e+03,1.032028745641477174e+00
2.872392732774176693e+03,1.029811907651605685e+00
2.872413164375677297e+03,1.028145740547419473e+00
2.872433595977119694e+03,1.024702125110985129e+00
2.872454027678555576e+03,1.023586099188456888e+00
2.872474459180055419e+03,1.021832169175459271e+00
2.872494890781556023e+03,1.018639802875553446e+00
2.872535754084550717e+03,1.012463282027161293e+00
2.872556185586108768e+03,1.009649289995612431e+00
2.872576617187660304e+03,1.006641429997961579e+00
2.872597048889219877e+03,1.003869396483654253e+00
2.872617480390777928e+03,1.000027480055736273e+00
2.872637912092330225e+03,9.959054049131664810e-01
2.872658343594004691e+03,9.917744733966256110e-01
2.872678775295556989e+03,9.873180678950820299e-01
2.872699206897232216e+03,9.841593674667358238e-01
2.872719638398848474e+03,9.808129684904375312e-01
2.872740070100524463e+03,9.793649932759881382e-01
2.872780933203925088e+03,9.428654299743916001e-01
2.872801364905652008e+03,9.096654636979789599e-01
2.872821796507327235e+03,8.761820337997825447e-01
2.872842228209119639e+03,8.573888032829327654e-01
2.872862659710852313e+03,8.528425275043592935e-01
2.872883091312636680e+03,8.493223702066533543e-01
2.872903523014429084e+03,8.478171142992474429e-01
2.872923954516270896e+03,8.459853585146067667e-01
2.872944386118120747e+03,8.455700366605451990e-01
2.872964817819971358e+03,8.459711579584587859e-01
2.872985249321820447e+03,8.478962607674265239e-01
2.873026112625630049e+03,8.623637188671722242e-01
2.873046544127588277e+03,8.943338097696561517e-01
2.873066975829497096e+03,9.285282205617666484e-01
2.873087407431463362e+03,9.557811778033259431e-01
2.873107839033480559e+03,9.677578121492984575e-01
2.873128270635505032e+03,9.703746856515635955e-01
2.873148702237529506e+03,9.725471740528235376e-01
2.873169133839546703e+03,9.750447998830592544e-01
2.873189565541630145e+03,9.771711203980331106e-01
2.873209997043770272e+03,9.812078728700674990e-01
2.873230428645845677e+03,9.844289185482304472e-01
2.873271291850127454e+03,9.926627814603937727e-01
2.873291723552320036e+03,9.962999895812658657e-01
2.873312155054518371e+03,1.001017454207748125e+00
2.873332586656775675e+03,1.004053614403211281e+00
2.873353018359026464e+03,1.007570394406247294e+00
2.873373449861283007e+03,1.009310807638921670e+00
2.873393881463598518e+03,1.012084995036220736e+00
2.873414313165907515e+03,1.014059465563117213e+00
2.873434744668280473e+03,1.016156166646488002e+00
2.873455176270654192e+03,1.018090222252656885e+00
2.873475607973021397e+03,1.019815474567302260e+00
2.873516471177703352e+03,1.022769341463438453e+00
2.873536902780135279e+03,1.022839791208209448e+00
2.873557334282682859e+03,1.023254425318408156e+00
2.873577765985173755e+03,1.024077163518323674e+00
2.873598197587714822e+03,1.024440471663147667e+00
2.873618629190263164e+03,1.024483571579677177e+00
2.873639060792862438e+03,1.023370891990209142e+00
2.873659492395527195e+03,1.022721455991894235e+00
2.873679923998133745e+03,1.021553848976999523e+00
2.873700355600798503e+03,1.020225016295758458e+00
2.873720787203514192e+03,1.018059945227521856e+00
2.873761650509011815e+03,1.016598251699923905e+00
2.873782082011792227e+03,1.015322025726979271e+00
2.873802513714632369e+03,1.014696192877528436e+00
2.873822945317464473e+03,1.012875448681621604e+00
2.873843376820361300e+03,1.011798178874877108e+00
2.873863808523259650e+03,1.010507662938269879e+00
2.873884240126149962e+03,1.009324534452754163e+00
2.873904671729105758e+03,1.008541401984776043e+00
2.873925103332119761e+03,1.007728267997297422e+00
2.873945534835133003e+03,1.006318810048391521e+00
2.873965966538198700e+03,1.005117933503215433e+00
2.874006829644335085e+03,9.857580261973225566e-01
2.874027261347466265e+03,9.747481076528363708e-01
2.874047692950654891e+03,9.681711113279298786e-01
2.874068124453900964e+03,9.662959172422794785e-01
2.874088556157112180e+03,9.660541427281517102e-01
2.874108987760388118e+03,9.659207590159513135e-01
2.874129419463657541e+03,9.659665086204006768e-01
2.874149850966990925e+03,9.658714991456123222e-01
2.874170282570354175e+03,9.653052121413631115e-01
2.874190714273740014e+03,9.655746553157944501e-01
2.874211145777189813e+03,9.652657077133927066e-01
2.874252009084142628e+03,9.696866344272155880e-01
2.874272440687680501e+03,9.802701503622829327e-01
2.874292872191246715e+03,9.931364948413703431e-01
2.874313303894807177e+03,1.001966372090464352e+00
2.874333735498461465e+03,1.003814987683808502e+00
2.874354167102115753e+03,1.003942560147614849e+00
2.874374598705820972e+03,1.002734936135070143e+00
2.874395030309562571e+03,1.001353486125639902e+00
2.874415462013334036e+03,1.000054949236894863e+00
2.874435893517125805e+03,9.999270967783675523e-01
2.874456325120983820e+03,1.000841744844601644e+00
2.874497188328779885e+03,1.001301484548296150e+00
2.874517619932725211e+03,1.001682378895308645e+00
2.874538051636729506e+03,1.002341533699700804e+00
2.874558483140725002e+03,1.002599466572055675e+00
2.874578914844787505e+03,1.002568188166256702e+00
2.874599346348906693e+03,1.003791984636084100e+00
2.874619777953048469e+03,1.004487829274015365e+00
2.874640209657198284e+03,1.005415175355452995e+00
2.874660641161433887e+03,1.005748442902830275e+00
2.874681072765692079e+03,1.005601201114886267e+00
2.874701504469958309e+03,1.005172372949193704e+00
2.874742367678656592e+03,1.005368973322546378e+00
2.874762799283067579e+03,1.004311393816941900e+00
2.874783230887536774e+03,1.004994029841827174e+00
2.874803662492027797e+03,1.004937331240649101e+00
2.874824094096555200e+03,1.003455426168495368e+00
2.874844525701104430e+03,1.002355977170155565e+00
2.874864957305719145e+03,1.001052446258927198e+00
2.874885388910392066e+03,1.000217087055379483e+00
2.874905820515064988e+03,9.990265310121992925e-01
2.874926252119788842e+03,9.980664880268486083e-01
2.874946683724578179e+03,9.981579872716727087e-01
2.874987547034237650e+03,9.978977492552393302e-01
2.875007978539171745e+03,9.964966981019084402e-01
2.875028410244070983e+03,9.948506036172495293e-01
2.875048841849064047e+03,9.934367964194088518e-01
2.875069273354114557e+03,9.928303121614198146e-01
2.875089705059159314e+03,9.920031243401790100e-01
2.875110136664297897e+03,9.915991984008308835e-01
2.875130568169464823e+03,9.890806377986343101e-01
2.875150999874655099e+03,9.884034857879993030e-01
2.875171431479910098e+03,9.859404317914571836e-01
2.875191863185194961e+03,9.769833886183425520e-01
2.875232726295929751e+03,9.284251005903398912e-01
2.875253157901330269e+03,8.959369643598616983e-01
2.875273589506810822e+03,8.765508315395051930e-01
2.875294021112327755e+03,8.725728467491767892e-01
2.875314452717902896e+03,8.702897109557558020e-01
2.875334884323499864e+03,8.698150889960477583e-01
2.875355315929162316e+03,8.679907429883756409e-01
2.875375747534882976e+03,8.664095992564608828e-01
2.875396179140596360e+03,8.651630292140892742e-01
2.875416610846405092e+03,8.645710406065653109e-01
2.875437042452242167e+03,8.671184880566248365e-01
2.875477905664083664e+03,9.122326528955709835e-01
2.875498337270066258e+03,9.456861372009058853e-01
2.875518768776099023e+03,9.737408760199675051e-01
2.875539200482198794e+03,9.852059892892625070e-01
2.875559632088326907e+03,9.863403537277833921e-01
2.875580063594505191e+03,9.874393561299740218e-01
2.875600495300721377e+03,9.871431431711966686e-01
2.875620926906995010e+03,9.880955990603557115e-01
2.875641358613320335e+03,9.897269802022787832e-01
2.875661790119709622e+03,9.914775315976466219e-01
2.875682221726157877e+03,9.932880952316869294e-01
2.875723084939163527e+03,9.958931435474568383e-01
2.875743516545757302e+03,9.988020484820572253e-01
2.875763948252373666e+03,9.999566068279509556e-01
2.875784379759083095e+03,1.000696486347964376e+00
2.875804811465786770e+03,1.002008043564708517e+00
2.875825243072584271e+03,1.003494083422058702e+00
2.875845674579439219e+03,1.004161229505816655e+00
2.875866106286324793e+03,1.005599290742191787e+00
2.875886537893260538e+03,1.006698368888929496e+00
2.875906969500261766e+03,1.007354179523290760e+00
2.875927401107313926e+03,1.007749132853277274e+00
2.875968264221577556e+03,1.009080815076959459e+00
2.875988695928805100e+03,1.009234883176224118e+00
2.876009127536068263e+03,1.007674742647299615e+00
2.876029559143389633e+03,1.006342063366062911e+00
2.876049990750761935e+03,1.005298371941300006e+00
2.876070422358170617e+03,1.003606907273656645e+00
2.876090853965666611e+03,1.002304915640810590e+00
2.876111285573213536e+03,1.001226703578079524e+00
2.876131717180825945e+03,9.992201859474669767e-01
2.876152148888468219e+03,9.977520703622176912e-01
2.876172580396159901e+03,9.961251261781896016e-01
2.876213443711734726e+03,9.948904107300426958e-01
2.876233875219630136e+03,9.944096170954992431e-01
2.876254306927563448e+03,9.930206865423404361e-01
2.876274738535554206e+03,9.921895387097989794e-01
2.876295170043595135e+03,9.906298944731288803e-01
2.876315601751703070e+03,9.895548704819311370e-01
2.876336033359868452e+03,9.891852678646333441e-01
2.876356464868084004e+03,9.892094189605029619e-01
2.876376896576366562e+03,9.888567215045771519e-01
2.876397328184706566e+03,9.868497814730369244e-01
2.876417759793097503e+03,9.782389219577676265e-01
2.876458623010097654e+03,9.534093002885284385e-01
2.876479054718634870e+03,9.463730729542187969e-01
2.876499486227294256e+03,9.450816753958918293e-01
2.876519917835983506e+03,9.450402633289868293e-01
2.876540349544724450e+03,9.457787871033065397e-01
2.876560781053558458e+03,9.458449834495793462e-01
2.876581212662436883e+03,9.457274404845020799e-01
2.876601644371367001e+03,9.450034031165021053e-01
2.876622075980361842e+03,9.450975206192543387e-01
2.876642507589422166e+03,9.456102745661554287e-01
2.876662939198533422e+03,9.477082712433576583e-01
2.876703802416988765e+03,9.660254179915960249e-01
2.876724234026281920e+03,9.791211719077477227e-01
2.876744665535668901e+03,9.900003588320387404e-01
2.876765097245093784e+03,9.938700216269765741e-01
2.876785528854583390e+03,9.960038925837125801e-01
2.876805960364174098e+03,9.975417311197617432e-01
2.876826392073795432e+03,9.993260453899451834e-01
2.876846823683466937e+03,1.001280544234377290e+00
2.876867255393204687e+03,1.002320122338800079e+00
2.876887686903035501e+03,1.003352498754921385e+00
2.876908118512918008e+03,1.004819157772770977e+00
2.876948981732872198e+03,1.008554373854289254e+00
2.876969413342951157e+03,1.010503353082646827e+00
2.876989845053096360e+03,1.012792423602919989e+00
2.877010276563305524e+03,1.013741906876911791e+00
2.877030708173580933e+03,1.014769414358135613e+00
2.877051139883929864e+03,1.015408453804940825e+00
2.877071571394335479e+03,1.015683785814456952e+00
2.877092003104793548e+03,1.017341253231303977e+00
2.877112434715345444e+03,1.017676902470587175e+00
2.877132866325948271e+03,1.018043979233379748e+00
2.877153297936616582e+03,1.017951292949151432e+00
2.877194161158178758e+03,1.017094036003852064e+00
2.877214592769050796e+03,1.015897276448122222e+00
2.877235024380010145e+03,1.015662357408229299e+00
2.877255455991020426e+03,1.014523281296499713e+00
2.877275887702096952e+03,1.013438501469707820e+00
2.877296319213259267e+03,1.011093908630029015e+00
2.877316750924474036e+03,1.009598344890562993e+00
2.877337182435781870e+03,1.007259137137118676e+00
2.877357614047148672e+03,1.005472235487492982e+00
2.877378045758567168e+03,1.004428904807764589e+00
2.877398477270078729e+03,1.003143775993244224e+00
2.877418908881663810e+03,9.997292030257936002e-01
2.877439340593300585e+03,9.977961307721631146e-01
2.877459772105015873e+03,9.949940622711507254e-01
2.877480203816805442e+03,9.920509531230540246e-01
2.877500635428674286e+03,9.901975984552866539e-01
2.877521066940607852e+03,9.886331053942705172e-01
2.877541498652601149e+03,9.861952746146397386e-01
2.877561930264688272e+03,9.844427956359701470e-01
2.877582361776840116e+03,9.814308725656524235e-01
2.877602793489051692e+03,9.789306709576673926e-01
2.877623225101342541e+03,9.696272718576935956e-01
2.877643656713713426e+03,9.462910603767386020e-01
2.877684519938666199e+03,8.795005205017742966e-01
2.877704951651256124e+03,8.603961066780935196e-01
2.877725383163931838e+03,8.562300406761185201e-01
2.877745814776659245e+03,8.547546622529813565e-01
2.877766246489452897e+03,8.531609284412211558e-01
2.877786678102354927e+03,8.527205744479448013e-01
2.877807109615321679e+03,8.527851467021264620e-01
2.877827541328355437e+03,8.552140393904860138e-01
2.877847972941461194e+03,8.573112577809025581e-01
2.877868404454660777e+03,8.621675651513969196e-01
2.877888836167920090e+03,8.792824283205895597e-01
2.877909267781273229e+03,9.101619360151365079e-01
2.877929699494670785e+03,9.432752371535229052e-01
2.877950131008183234e+03,9.700088588198734207e-01
2.877970562621747376e+03,9.809968385417576764e-01
2.877990994235398830e+03,9.821277626444097075e-01
2.878011425849130319e+03,9.835113333515584921e-01
2.878031857362948358e+03,9.851597423489555361e-01
2.878052289076818852e+03,9.876061922581400587e-01
2.878072720690783171e+03,9.892475190271377006e-01
2.878093152204841317e+03,9.913035485602033070e-01
2.878113583918937366e+03,9.932474315316037750e-01
2.878134015533141792e+03,9.956563813585821432e-01
2.878174878761776199e+03,1.001104153418270748e+00
2.878195310376213456e+03,1.003234394763762749e+00
2.878215742090716958e+03,1.005060718551717969e+00
2.878236173605328077e+03,1.007088937262150985e+00
2.878256605220005440e+03,1.008261039049640706e+00
2.878277036934749049e+03,1.010393113332309190e+00
2.878297468549593759e+03,1.011546755836804534e+00
2.878317900164518505e+03,1.013512530920239740e+00
2.878338331779508735e+03,1.015127277196851363e+00
2.878358763394600828e+03,1.016493731844801074e+00
2.878379195009772957e+03,1.018268474260925371e+00
2.878420058240342769e+03,1.020598627837633998e+00
2.878440489955755766e+03,1.021308139830371164e+00
2.878460921471247275e+03,1.020938415219809103e+00
2.878481353086834133e+03,1.020824452258537907e+00
2.878501784802494512e+03,1.020383961388636740e+00
2.878522216318240680e+03,1.019798979670386130e+00
2.878542648034061131e+03,1.019204384362714322e+00
2.878563079649982683e+03,1.018350616494947847e+00
2.878583511165983509e+03,1.016768569566661284e+00
2.878603942882058618e+03,1.015679242852780106e+00
2.878624374498234829e+03,1.014742775277184705e+00
2.878665237730820081e+03,1.012886068522266925e+00
2.878685669247257465e+03,1.012258326943453302e+00
2.878706100863753818e+03,1.011299164963931352e+00
2.878726532580345520e+03,1.011006623027922657e+00
2.878746964097044838e+03,1.010315114890407706e+00
2.878767395813789335e+03,1.009952547932255529e+00
2.878787827430649486e+03,1.009959193906810881e+00
2.878808258947610739e+03,1.010000914835132768e+00
2.878828690664617170e+03,1.009648802991135685e+00
2.878849122281739255e+03,1.003169059698436838e+00
2.878869553898948652e+03,9.923758040880529263e-01
2.878910417133622104e+03,9.753120783846120911e-01
2.878930848851072369e+03,9.753067439351769119e-01
2.878951280368644802e+03,9.762439574019350363e-01
2.878971711986290757e+03,9.758610666065198336e-01
2.878992143704010232e+03,9.755042395415920442e-01
2.879012575321838085e+03,9.750864189470929144e-01
2.879033006839767040e+03,9.756275376849548042e-01
2.879053438557755726e+03,9.767851655050220350e-01
2.879073870175860066e+03,9.771411000454854889e-01
2.879094301694058231e+03,9.776194306161242187e-01
2.879114733412316127e+03,9.825841651668276722e-01
2.879176028267684160e+03,1.014487864585784438e+00
2.879196459886334196e+03,1.016563575757561733e+00
2.879216891605065030e+03,1.016147453506220710e+00
2.879237323123888928e+03,1.016281544739380704e+00
2.879257754742808174e+03,1.016226271187856911e+00
2.879278186461815494e+03,1.017018741382334834e+00
2.879298617980915878e+03,1.017794774140040825e+00
2.879319049600118888e+03,1.018718506082950670e+00
2.879339481219409208e+03,1.019869233314619095e+00
2.879359912838779564e+03,1.021363476040699103e+00
2.879380344558252546e+03,1.021730910210792542e+00
2.879400776077840419e+03,1.021732460733290715e+00
2.879421207697494538e+03,1.022793931081654728e+00
2.879441639417244005e+03,1.023519995235840252e+00
2.879462070937115641e+03,1.024662327775381909e+00
2.879482502557053522e+03,1.026254194389054852e+00
2.879502934277094027e+03,1.027421884117598605e+00
2.879523365897235635e+03,1.026564179404027666e+00
2.879543797417471069e+03,1.025800469234488865e+00
2.879564229137795337e+03,1.025335759691655690e+00
2.879584660758227983e+03,1.024643964349906344e+00
2.879605092378740665e+03,1.024867247383619562e+00
2.879645955620086170e+03,1.024177949889289563e+00
2.879666387340890651e+03,1.021931929277843487e+00
2.879686818861810025e+03,1.019946444192202373e+00
2.879707250482824747e+03,1.017339582578844714e+00
2.879727682203920267e+03,1.015892389527034201e+00
2.879748113725130679e+03,1.012076934935682404e+00
2.879768545446422650e+03,1.008957934605985818e+00
2.879788977067830274e+03,1.005615760401210368e+00
2.879809408589339000e+03,1.003309764247424241e+00
2.879829840310929285e+03,1.000995178565593280e+00
2.879850271932627948e+03,9.985511278099898913e-01
2.879891135176323587e+03,9.949490066763604368e-01
2.879911566798320564e+03,9.926275402326349973e-01
2.879931998420419404e+03,9.894866462993212597e-01
2.879952430042627384e+03,9.873592793759533581e-01
2.879972861664922675e+03,9.861032018678771438e-01
2.879993293387313315e+03,9.847746670055261831e-01
2.880013724909818848e+03,9.816723273385145054e-01
2.880034156532427005e+03,9.798593342463182143e-01
2.880054588155129750e+03,9.690395458326483968e-01
2.880075019777941634e+03,9.426139340666399580e-01
2.880095451400848106e+03,9.096451105379809166e-01
2.880136314646973915e+03,8.597710979798340869e-01
2.880156746270193253e+03,8.564411436729176819e-01
2.880177177993500663e+03,8.539221429757652970e-01
2.880197609516944794e+03,8.534999910137730517e-01
2.880218041240455932e+03,8.530823883380367345e-01
2.880238472864089999e+03,8.535220322813409366e-01
2.880258904387832445e+03,8.545118856047930755e-01
2.880279336111663724e+03,8.570873537274580345e-01
2.880299767735603382e+03,8.609147800224711267e-01
2.880320199259673245e+03,8.763750345437596456e-01
2.880340630983824667e+03,9.079455233130256930e-01
2.880381494332425063e+03,9.692940049728301366e-01
2.880401925856916932e+03,9.806557761442407095e-01
2.880422357481496874e+03,9.834421844795103729e-01
2.880442789206157613e+03,9.858889408492341744e-01
2.880463220730969624e+03,9.878322643485216714e-01
2.880483652355869708e+03,9.904654202304372657e-01
2.880504084081359906e+03,9.938790492915406949e-01
2.880524515606477507e+03,9.954510373557794445e-01
2.880544947231697734e+03,9.994885889856855998e-01
2.880565378957013309e+03,1.000633564803497411e+00
2.880585810482451052e+03,1.003861575554723995e+00
2.880626673833641689e+03,1.011254162299518589e+00
2.880647105459414888e+03,1.013729190525340051e+00
2.880667537085275399e+03,1.016829953377350826e+00
2.880687968711245048e+03,1.018609197192365645e+00
2.880708400337338389e+03,1.020533682034008516e+00
2.880728831963548146e+03,1.023174124263448226e+00
2.880749263589837938e+03,1.024349254330712444e+00
2.880769695116279763e+03,1.027352873745449591e+00
2.880790126842795871e+03,1.027090085145755172e+00
2.880810558469420357e+03,1.027975145932931822e+00
2.880830990096183086e+03,1.030780011378093830e+00
2.880871853350021411e+03,1.030724646667942945e+00
2.880892285077075940e+03,1.030411924684587310e+00
2.880912716604289017e+03,1.030027195999252632e+00
2.880933148231597443e+03,1.028529691529393997e+00
2.880953579959015769e+03,1.028090324222555862e+00
2.880974011486548989e+03,1.026224518954933940e+00
2.880994443214192870e+03,1.024900175315814677e+00
2.881014874841945129e+03,1.023308879802544924e+00
2.881035306369827595e+03,1.021843364730842696e+00
2.881055738097791618e+03,1.019186192823646309e+00
2.881076169725893124e+03,1.016494944430196945e+00
2.881137464610888856e+03,1.013343447832489197e+00
2.881157896239441470e+03,1.011830557956297172e+00
2.881178327868103224e+03,1.010907212501411356e+00
2.881198759496903222e+03,1.009605252331650105e+00
2.881219191225784016e+03,1.007546910142212093e+00
2.881239622754816082e+03,1.005950040248299260e+00
2.881260054383965326e+03,1.004258690003434484e+00
2.881280486113195366e+03,9.967238862011481570e-01
2.881300917742562888e+03,9.842069015236537544e-01
2.881321349272060615e+03,9.723254605037374709e-01
2.881341781001639902e+03,9.646081043563412560e-01
2.881362212631356670e+03,9.634335999768305348e-01
2.881382644261204405e+03,9.623354352140690571e-01
2.881403075891146727e+03,9.611158477197979666e-01
2.881423507421226532e+03,9.597545743913796779e-01
2.881443939151409722e+03,9.605142760062123086e-01
2.881464370781715843e+03,9.592574800983183492e-01
2.881484802312144893e+03,9.592550104418932078e-01
2.881505234042691882e+03,9.584839765133880141e-01
2.881525665673347248e+03,9.587022947618826230e-01
2.881546097204154648e+03,9.634817303772158503e-01
2.881566528935050883e+03,9.751049970100761355e-01
2.881607392297184560e+03,9.983215651732545437e-01
2.881627823828457622e+03,9.990357228741217899e-01
2.881648255459869688e+03,9.976412982712807853e-01
2.881668687191347999e+03,9.981391417848984871e-01
2.881689118722999410e+03,9.970125775068323648e-01
2.881709550354731618e+03,9.973426418064329502e-01
2.881729982086588279e+03,9.976731451060317779e-01
2.881750413618588937e+03,9.974950673981842764e-01
2.881770845250699494e+03,9.970106312492911238e-01
2.881791276982934505e+03,9.970298246079691840e-01
2.881811708615277894e+03,9.999616481600785978e-01
2.881852571880386677e+03,1.001343788739822882e+00
2.881873003513086587e+03,1.001239367343141451e+00
2.881893435145953845e+03,1.002128696351500592e+00
2.881913866778915690e+03,1.003211867733786899e+00
2.881934298412015778e+03,1.003966426656872857e+00
2.881975161678579752e+03,1.006679851672738213e+00
2.881995593312065466e+03,1.007723017421367384e+00
2.882016024945631216e+03,1.006422927200232964e+00
2.882036456579378864e+03,1.005163045121108434e+00
2.882097751481283922e+03,1.006945847921155268e+00
2.882118183215519821e+03,1.005845911612250232e+00
2.882138614749848784e+03,1.005184676366723151e+00
2.882159046384353132e+03,1.005044218489923757e+00
2.882179478118938277e+03,1.004391617108596924e+00
2.882199909653674695e+03,1.003429963162716154e+00
2.882220341388529050e+03,1.002649404777593123e+00
2.882240773023520887e+03,1.000058970934544433e+00
2.882261204558635654e+03,9.987292487066661284e-01
2.882281636293868360e+03,9.979003822968880444e-01
2.882302067929238547e+03,9.968580899330299339e-01
2.882342931200371822e+03,9.944727771643120384e-01
2.882363362836120359e+03,9.922411645846058725e-01
2.882383794571993349e+03,9.923850054735710025e-01
2.882404226108039438e+03,9.922854198549820870e-01
2.882424657744166325e+03,9.928977433692678378e-01
2.882445089480417664e+03,9.933810403499176989e-01
2.882465521016842104e+03,9.926058782952307258e-01
2.882485952653376444e+03,9.838258098151999587e-01
2.882506384390035237e+03,9.579920448738744598e-01
2.882526816026838787e+03,9.260239539050836299e-01
2.882547247563779820e+03,8.941005304609446203e-01
2.882567679300816962e+03,8.735150587727651406e-01
2.882588110938027967e+03,8.686850740308266206e-01
2.882608542575348110e+03,8.650704205962110871e-01
2.882628974212791945e+03,8.625264857464821633e-01
2.882649405850410403e+03,8.603823311089470183e-01
2.882669837488108897e+03,8.595105097088696633e-01
2.882690269125960185e+03,8.578521824455175304e-01
2.882710700663985335e+03,8.591448533719737712e-01
2.882731132402092044e+03,8.621389577421856298e-01
2.882751564040321682e+03,8.770571448025726857e-01
2.882771995678725943e+03,9.069021604641412937e-01
2.882792427317239344e+03,9.402886308115524505e-01
2.882833290694688912e+03,9.794043354750321395e-01
2.882853722233609005e+03,9.795299535297709026e-01
2.882874153872682655e+03,9.800716985498799660e-01
2.882894585611866205e+03,9.801967926670488440e-01
2.882915017151201027e+03,9.810893481007489925e-01
2.882935448790682130e+03,9.807167246193674304e-01
2.882955880530280410e+03,9.814360598903699717e-01
2.882976312070015410e+03,9.832630190186583130e-01
2.882996743809904729e+03,9.847403681099758943e-01
2.883017175449902425e+03,9.851377351061080256e-01
2.883037607090052916e+03,9.847221414346075674e-01
2.883098902011341124e+03,9.908551206711099235e-01
2.883119333652044588e+03,9.918865074098470735e-01
2.883139765292886295e+03,9.935913009762151749e-01
2.883160196933851694e+03,9.958590881129931738e-01
2.883180628674963373e+03,9.974886251673656945e-01
2.883201060216248152e+03,9.998080240512844385e-01
2.883221491957614489e+03,1.001774248309146742e+00
2.883241923599161964e+03,1.002898752094568691e+00
2.883262355140846921e+03,1.003582095343689806e+00
2.883282786882657092e+03,1.004344337493269901e+00
2.883303218524612021e+03,1.003840083318309429e+00
2.883323650066711707e+03,1.004318019722126420e+00
2.883344081808922056e+03,1.004583271527145882e+00
2.883364513351341884e+03,1.004514907257057388e+00
2.883384945093843271e+03,1.004894493041092574e+00
2.883405376736496692e+03,1.004966441943356603e+00
2.883425808279294870e+03,1.003686842428743065e+00
2.883446240022232814e+03,1.002412618053800664e+00
2.883466671665322792e+03,1.002291536311360032e+00
2.883487103208557528e+03,1.001311931812518985e+00
2.883507534951932030e+03,9.992641278484244438e-01
2.883527966595429461e+03,9.996959888773185865e-01
2.883568829882882710e+03,9.959918304677355394e-01
2.883589261526845803e+03,9.951447411218377059e-01
2.883609693270896969e+03,9.961944017398253193e-01
2.883630124815143063e+03,9.967318395546935772e-01
2.883650556459513609e+03,9.963042768766293689e-01
2.883670988204030436e+03,9.965141133833897991e-01
2.883691419848713849e+03,9.950340009173114231e-01
2.883711851393520192e+03,9.876864964631465460e-01
2.883732283138473576e+03,9.755053401103105370e-01
2.883752714783564443e+03,9.644152782229394871e-01
2.883773146328836447e+03,9.594603790564941725e-01
2.883793578074197285e+03,9.576531676382880054e-01
2.883814009719753813e+03,9.579520616573463654e-01
2.883834441465434793e+03,9.579717518956306632e-01
2.883854873011259770e+03,9.587038157396333693e-01
2.883875304657252855e+03,9.592270496455878037e-01
2.883895736403370393e+03,9.594098163559747761e-01
2.883916167949661030e+03,9.594488240328298279e-01
2.883936599596061569e+03,9.608991361455740954e-01
2.883957031342644768e+03,9.632196115405528003e-01
2.883977462889364688e+03,9.690967142493469577e-01
2.883997894636209821e+03,9.803147041195572342e-01
2.884018326283228816e+03,9.942954389868011722e-01
2.884059189577696088e+03,1.008464466179164409e+00
2.884079621125179983e+03,1.009142601391361582e+00
2.884100052772773779e+03,1.009626751956303359e+00
2.884120484520521131e+03,1.010572645922138690e+00
2.884140916068470688e+03,1.010421652315431018e+00
2.884161347716537421e+03,1.011410498500271427e+00
2.884181779464714054e+03,1.012596350431762326e+00
2.884202211113071826e+03,1.013865980519771171e+00
2.884222642761596944e+03,1.014525045398228853e+00
2.884243074410245754e+03,1.014545613783150779e+00
2.884263506059069186e+03,1.016738850322675969e+00
2.884304369357174437e+03,1.019965369415609224e+00
2.884324801006463531e+03,1.019863480840639713e+00
2.884345232755862526e+03,1.021556210068114812e+00
2.884365664305441896e+03,1.022100371161305477e+00
2.884386096055197413e+03,1.022589090834309156e+00
2.884406527705061308e+03,1.022235226869313784e+00
2.884426959255106340e+03,1.021710212581834254e+00
2.884447391005327518e+03,1.021424736027760849e+00
2.884467822655657073e+03,1.020391898114124229e+00
2.884488254206167767e+03,1.019627396040311273e+00
2.884508685956796398e+03,1.020208205230741960e+00
2.884549549158567970e+03,1.019637819114879607e+00
2.884569980909662263e+03,1.017263080060469838e+00
2.884590412560981349e+03,1.014092831214160384e+00
2.884610844312424888e+03,1.010555619664535776e+00
2.884631275863983319e+03,1.007832501988669804e+00
2.884651707515709859e+03,1.005647059756241468e+00
2.884672139267619059e+03,1.002348799910136368e+00
2.884692570819701359e+03,9.985515053227134175e-01
2.884713002471893560e+03,9.945339769934692375e-01
2.884733434124267660e+03,9.895536430532209105e-01
2.884753865776816383e+03,9.856876875520453885e-01
2.884794729082314007e+03,9.816251150758747990e-01
2.884815160735328391e+03,9.795033085002667894e-01
2.884835592488510883e+03,9.764240769723807611e-01
2.884856024041815544e+03,9.739469871714940830e-01
2.884876455695295590e+03,9.711312287934792398e-01
2.884896887448885536e+03,9.695425021995914827e-01
2.885060340783747961e+03,8.467247048461853387e-01
2.885080772338857059e+03,8.472162812060533010e-01
2.885101203994083335e+03,8.484013476380433127e-01
2.885121635749477718e+03,8.490565683882814740e-01
2.885142067305052478e+03,8.499940893770799866e-01
2.885162499060745176e+03,8.529510681619588697e-01
2.885182930716662668e+03,8.699876761257049340e-01
2.885285088998549327e+03,9.769234749322844857e-01
2.885305520655398141e+03,9.785466259258664978e-01
2.885325952212428092e+03,9.816951346339062301e-01
2.885346383969634189e+03,9.844110307676610105e-01
2.885366815627006872e+03,9.880183312758510361e-01
2.885407678942232451e+03,9.943348198396040338e-01
2.885428110600070795e+03,9.979929423664305466e-01
2.885448542258091038e+03,1.000357829969815926e+00
2.885468973916285904e+03,1.002692648697647737e+00
2.885489405574648117e+03,1.004837193174262788e+00
2.885530268891852756e+03,1.009620686890559504e+00
2.885550700650681392e+03,1.011273307297860358e+00
2.885571132309691166e+03,1.013647708238352596e+00
2.885591563868933008e+03,1.015450234226643822e+00
2.885611995628227305e+03,1.017927300859833961e+00
2.885632427287760947e+03,1.019489397184547563e+00
2.885652858847468451e+03,1.021411323771772128e+00
2.885673290607344825e+03,1.022502142958849447e+00
2.885693722267344128e+03,1.024050299268894459e+00
2.885714153827575501e+03,1.023775085163505683e+00
2.885734585587917536e+03,1.023267611785789732e+00
2.885775449009131989e+03,1.022627399113724023e+00
2.885795880570061854e+03,1.022938172152864533e+00
2.885816312231108896e+03,1.023940050864030393e+00
2.885836743992273114e+03,1.023601812778089926e+00
2.885857175553661364e+03,1.023287914362055684e+00
2.885877607215232274e+03,1.022335925753300234e+00
2.885898038976971293e+03,1.021556813936391750e+00
2.885918470538890688e+03,1.019688262910173115e+00
2.885938902300928021e+03,1.018594173977395823e+00
2.885959333963197423e+03,1.017303853359988963e+00
2.885979765625575965e+03,1.018499975879590735e+00
2.886000197288194613e+03,1.017206481559895348e+00
2.886020628850928915e+03,1.016549530471553275e+00
2.886041060613832087e+03,1.015778186349071355e+00
2.886061492276974604e+03,1.015099881007543781e+00
2.886081923940233537e+03,1.014893229806505426e+00
2.886102355503659055e+03,1.013983382570909253e+00
2.886122787267326203e+03,1.013057876424287462e+00
2.886143218931101728e+03,1.004095457555301163e+00
2.886163650595059153e+03,9.927357074693795580e-01
2.886184082259249408e+03,9.811729533668783754e-01
2.886204513923556078e+03,9.738530265373421813e-01
2.886224945688030857e+03,9.735214350919576543e-01
2.886265808917567483e+03,9.730694164792310641e-01
2.886286240682573407e+03,9.719051265571964082e-01
2.886306672247752431e+03,9.713681491758967557e-01
2.886327104013100325e+03,9.701558739411183518e-01
2.886347535678687564e+03,9.699913629698952988e-01
2.886367967244448664e+03,9.705565753670212237e-01
2.886388399010320427e+03,9.703589006797217476e-01
2.886408830676373327e+03,9.737927326866228084e-01
2.886429262242658297e+03,9.833731403166863227e-01
2.886449694009053928e+03,9.936572498255717978e-01
2.886470125675688905e+03,1.000308137261107344e+00
2.886510989009417244e+03,1.002234323993166809e+00
2.886531420676576090e+03,1.002077424997624089e+00
2.886551852443910320e+03,1.001242421798919979e+00
2.886572284011410375e+03,1.000718867779351928e+00
2.886592715679093089e+03,1.000129250250495705e+00
2.886613147446951189e+03,1.000937327627921203e+00
2.886633579015033320e+03,1.001225000726256420e+00
2.886654010683239903e+03,1.001662850055859755e+00
2.886674442351621110e+03,1.001230879882988534e+00
2.886694874120228633e+03,1.001228179223891290e+00
2.886715305788959085e+03,1.001487557650667437e+00
2.886756169027052238e+03,1.005713239099425005e+00
2.886776600796307321e+03,1.006136615277231972e+00
2.886797032465794473e+03,1.007901988622425193e+00
2.886817464035506418e+03,1.007482514042213895e+00
2.886837895805343578e+03,1.007440850153356271e+00
2.886858327475347323e+03,1.007696332321146748e+00
2.886878759045590414e+03,1.009927257780305787e+00
2.886899190816009650e+03,1.010256542433942917e+00
2.886919622486544540e+03,1.009404856454597654e+00
2.886940054257305746e+03,1.010254481225910883e+00
2.886960485828305536e+03,1.011811091296977105e+00
2.887001349270707578e+03,1.015439977267632576e+00
2.887021780842231237e+03,1.015652643869854987e+00
2.887042212513930281e+03,1.015498959601538020e+00
2.887062644285797433e+03,1.015192726025759384e+00
2.887083075857844960e+03,1.015785380208897193e+00
2.887103507630061358e+03,1.015085091415490304e+00
2.887123939302517101e+03,1.015077221248555261e+00
2.887144370875088498e+03,1.013771718961694601e+00
2.887164802647886972e+03,1.012274261220294624e+00
2.887185234320866584e+03,1.010255870711854964e+00
2.887205665994079027e+03,1.008469776424112174e+00
2.887226097667400609e+03,1.005508346886931470e+00
2.887246529340962297e+03,1.002397039887203301e+00
2.887266961014698609e+03,9.983352556667697275e-01
2.887287392688602267e+03,9.954485754046340507e-01
2.887307824362687825e+03,9.924894550033283025e-01
2.887328256137006974e+03,9.890730516847776599e-01
2.887491709438167163e+03,8.589274613436209682e-01
2.887512141214057920e+03,8.590550633877286346e-01
2.887532572790289123e+03,8.599811065056416348e-01
2.887553004566645541e+03,8.609861108270330243e-01
2.887573436243175820e+03,8.626633795920560788e-01
2.887593867819930892e+03,8.665223051920962760e-01
2.887614299596869387e+03,8.825821969007876522e-01
2.887736889662613976e+03,9.901166977069610908e-01
2.887757321340890485e+03,9.935833662486890372e-01
2.887777753119393310e+03,9.981044104856797716e-01
2.887798184698076511e+03,1.002271247071885751e+00
2.887818616376935097e+03,1.004975165731669895e+00
2.887839048155961791e+03,1.007713856732204816e+00
2.887859479835227830e+03,1.010940903934683499e+00
2.887879911414725939e+03,1.013419577931579996e+00
2.887900343194334710e+03,1.015897626014865995e+00
2.887920774874182825e+03,1.019819994930970086e+00
2.887941206554256496e+03,1.023172874766878460e+00
2.887982069914884050e+03,1.024883821193793398e+00
2.888002501595547074e+03,1.027437944516063517e+00
2.888022933276319236e+03,1.029154593478142532e+00
2.888043364957331505e+03,1.030088491420158237e+00
2.888063796638569329e+03,1.030591490657907006e+00
2.888084228319989052e+03,1.029588951443094702e+00
2.888104660101584159e+03,1.029088822128813696e+00
2.888125091683410574e+03,1.029786104804726321e+00
2.888145523365405097e+03,1.029196054937730809e+00
2.888165955147582281e+03,1.028708471596913476e+00
2.888186386729983496e+03,1.026974249118089322e+00
2.888206818412625580e+03,1.023419333120106023e+00
2.888227250195384840e+03,1.020862735384916231e+00
2.888247681778375409e+03,1.018064855911397393e+00
2.888268113461592293e+03,1.015390019097764052e+00
2.888288545244991838e+03,1.012838519842712115e+00
2.888308976828557206e+03,1.011160248538303774e+00
2.888329408612364205e+03,1.008931211959097185e+00
2.888349840296345064e+03,1.006612788210914378e+00
2.888370271880557993e+03,1.005094291685868058e+00
2.888390703664939792e+03,1.003162683077692519e+00
2.888411135349502729e+03,1.001503822689121304e+00
2.888431567034291220e+03,1.000463208132781334e+00
2.888472430404523038e+03,9.983835303616211965e-01
2.888492862189894367e+03,9.985624337316565402e-01
2.888513293775504280e+03,9.985563679837682338e-01
2.888533725461289578e+03,9.981655627489147697e-01
2.888554157247301191e+03,9.966917740171041817e-01
2.888574588933493942e+03,9.884632989767907496e-01
2.888595020519918762e+03,9.762106870502404998e-01
2.888615452306512452e+03,9.651668839966793811e-01
2.888635883993345487e+03,9.609321315887823234e-01
2.888656315580352384e+03,9.613445693482470800e-01
2.888676747367586358e+03,9.622129638189319545e-01
2.888717610742649413e+03,9.637748054159028799e-01
2.888738042430464702e+03,9.652254066063363780e-01
2.888758474018519337e+03,9.671045736948399307e-01
2.888778905806750117e+03,9.675916644124293864e-01
2.888799337495205691e+03,9.684159121970717932e-01
2.888819769083900610e+03,9.689923767122312626e-01
2.888840200872713467e+03,9.754000097940277447e-01
2.888860632561809325e+03,9.862396190854799682e-01
2.888881064351029636e+03,9.994526193117412305e-01
2.888901495940539462e+03,1.007454263798506444e+00
2.888921927630217397e+03,1.009217573444684213e+00
2.888962791010228102e+03,1.012267494201127160e+00
2.888983222700546321e+03,1.011683098929138547e+00
2.889003654491047200e+03,1.011931781840932354e+00
2.889024086081779387e+03,1.011188433227184769e+00
2.889044517772679683e+03,1.010887605182318127e+00
2.889064949563820846e+03,1.010695693712138077e+00
2.889085381255194079e+03,1.009494325106644164e+00
2.889105812946734659e+03,1.008391293893327711e+00
2.889126244638515345e+03,1.007541954609336043e+00
2.889146676330463379e+03,1.006644486289514973e+00
2.889167108022651519e+03,1.006213930818604219e+00
2.889187539715072489e+03,1.004357266888898037e+00
2.889207971407660807e+03,1.003384166849182302e+00
2.889228403200489993e+03,1.002289561381878302e+00
2.889248834793550486e+03,1.001844520488576418e+00
2.889269266586721642e+03,1.001899842887804093e+00
2.889289698280190350e+03,1.001410554377159201e+00
2.889310129873891128e+03,1.000415104773653363e+00
2.889330561667702568e+03,1.000721029377376281e+00
2.889350993361869769e+03,1.000545808860469288e+00
2.889371424956152623e+03,1.001074559956367072e+00
2.889391856750662555e+03,1.000869068000706186e+00
2.889412288345294655e+03,1.000865573126404895e+00
2.889453151835368772e+03,1.000332423220222644e+00
2.889473583430815779e+03,1.000431244731384339e+00
2.889494015226380725e+03,9.999122094435081154e-01
2.889514446922170464e+03,1.000776365022292502e+00
2.889534878518199548e+03,1.001006774447877445e+00
2.889555310314346571e+03,1.001628237177926151e+00
2.889575742010718386e+03,1.001958605895003407e+00
2.889596173707446724e+03,1.001646416528408245e+00
2.889616605404291477e+03,1.001226995673437870e+00
2.889637037101361784e+03,1.001236276047963836e+00
2.889657468898672960e+03,1.001122642593249790e+00
2.889698332193867827e+03,1.001568649500026442e+00
2.889718763991761080e+03,1.001346745899639235e+00
2.889739195689879125e+03,1.001100933600988396e+00
2.889759627288352931e+03,1.001135168011756837e+00
2.889780059086828260e+03,9.919754703690807363e-01
2.889943512783451297e+03,8.791018406858531753e-01
2.889963944383904163e+03,8.785826118652709793e-01
2.889984376084699761e+03,8.789616152334676080e-01
2.890004807885736227e+03,8.798136087236485547e-01
2.890025239486887585e+03,8.810689393532434854e-01
2.890045671288266021e+03,8.951263121150977442e-01
2.890188693104464619e+03,9.962125107932279233e-01
2.890209124807712215e+03,9.981678859407949744e-01
2.890229556611069711e+03,1.000190189815290509e+00
2.890249988314782968e+03,1.002165260202065644e+00
2.890270420018612640e+03,1.004695006060765117e+00
2.890290851722667867e+03,1.006532103637054254e+00
2.890311283426963200e+03,1.008598695872559903e+00
2.890331715131491364e+03,1.009871234778452864e+00
2.890352146836245083e+03,1.012748648568407184e+00
2.890372578541238909e+03,1.015017106556712845e+00
2.890393010246465565e+03,1.018114187764419976e+00
2.890433873757494439e+03,1.021446205720314637e+00
2.890454305463419587e+03,1.022341335005548135e+00
2.890474737069453113e+03,1.023499714363313773e+00
2.890495168875844683e+03,1.024739318820801381e+00
2.890515600582351908e+03,1.024933680749380294e+00
2.890536032189083926e+03,1.026556134148947752e+00
2.890556463996173989e+03,1.027229044017366588e+00
2.890576895703379705e+03,1.026572554881521659e+00
2.890597327310810215e+03,1.026177915485970704e+00
2.890617759118482354e+03,1.024636014256095740e+00
2.890638190826386563e+03,1.023245881902951293e+00
2.890679054242886195e+03,1.023834973658801051e+00
2.890699485951488896e+03,1.021415230289561604e+00
2.890719917660317151e+03,1.019943890631458627e+00
2.890740349369385513e+03,1.017789168132917199e+00
2.890760781078570290e+03,1.015006156198764220e+00
2.890781212788097037e+03,1.012456847410456273e+00
2.890801644497863890e+03,1.010044932616004809e+00
2.890822076307857060e+03,1.008619622631912627e+00
2.890842507917972398e+03,1.006755081896473003e+00
2.890862939628437744e+03,1.005161763176970258e+00
2.890883371439020266e+03,1.004034589280421885e+00
2.890924234761107073e+03,9.983923932270540869e-01
2.890944666572380811e+03,9.965813837438798339e-01
2.890965098284010310e+03,9.948270658646982678e-01
2.890985529895755462e+03,9.945078348274082325e-01
2.891005961707851384e+03,9.869737072283132351e-01
2.891026393420055683e+03,9.744893049159706333e-01
2.891046825232500851e+03,9.631955895093758935e-01
2.891067256845286465e+03,9.573518443928382693e-01
2.891087688558196533e+03,9.562422747715773053e-01
2.891108120371456607e+03,9.556353042267548004e-01
2.891128551984831574e+03,9.557070312495764552e-01
2.891148983698549273e+03,9.546254012394471689e-01
2.891169415512391424e+03,9.556381668092017723e-01
2.891189847126574023e+03,9.557319157448180835e-01
2.891210278940881835e+03,9.567896886423717939e-01
2.891230710655538132e+03,9.578027046824546531e-01
2.891251142270310083e+03,9.581868261966371980e-01
2.891271574085309112e+03,9.636558244609477741e-01
2.891292005800663901e+03,9.754364044983115933e-01
2.891312437416243483e+03,9.898367370544027821e-01
2.891332869231948280e+03,1.000460788977636906e+00
2.891353300948001561e+03,1.004141632273848339e+00
2.891373732664163981e+03,1.006994040784181532e+00
2.891414596097318281e+03,1.011234709955599387e+00
2.891435027814295609e+03,1.012809992922230728e+00
2.891455459531513043e+03,1.014794164764939444e+00
2.891475891248846892e+03,1.016959571333631018e+00
2.891496322966522712e+03,1.018478105446554371e+00
2.891516754684438638e+03,1.019010030379350562e+00
2.891537186402587395e+03,1.019936395656767747e+00
2.891557618120961706e+03,1.019813171964669696e+00
2.891578049839576124e+03,1.021248721456927244e+00
2.891598481658424134e+03,1.021321976191436498e+00
2.891618913377496938e+03,1.022301207083211816e+00
2.891639344996809086e+03,1.022136084553469937e+00
2.891659776816355588e+03,1.021678459978655917e+00
2.891680208536126884e+03,1.020727992897565439e+00
2.891700640156137524e+03,1.018648527012210980e+00
2.891721071976498934e+03,1.016717144198854283e+00
2.891741503696968721e+03,1.013997832998408510e+00
2.891761935317677853e+03,1.011585950755816254e+00
2.891782367138737754e+03,1.009471903899624046e+00
2.891802798859906034e+03,1.006936003417429948e+00
2.891823230681431596e+03,1.003485663232376757e+00
2.891843662303188466e+03,1.000118197585846636e+00
2.891864094025055238e+03,9.980071327775352774e-01
2.891904957469727378e+03,9.942500243091436651e-01
2.891925389192416333e+03,9.922273993896035815e-01
2.891945821015338879e+03,9.895348696169480318e-01
2.891966252638492733e+03,9.867224806378230850e-01
2.891986684461990080e+03,9.830851628521182217e-01
2.892007116185610357e+03,9.805721921587685630e-01
2.892027547809455427e+03,9.790282188810597308e-01
2.892047979633658542e+03,9.767851287456288389e-01
2.892068411357977311e+03,9.746640865728877223e-01
2.892088842982644564e+03,9.730244999578241405e-01
2.892109274807538895e+03,9.728596613904456625e-01
2.892150138158031041e+03,9.729579205028937583e-01
2.892170569983631140e+03,9.719289810388773709e-01
2.892191001709463308e+03,9.712652537639324679e-01
2.892211433435521030e+03,9.611589559563815666e-01
2.892231865161935275e+03,9.347900121811122398e-01
2.892252296888465935e+03,9.014798786117774743e-01
2.892272728715339326e+03,8.686458952580048409e-01
2.892293160342451301e+03,8.520649271658427004e-01
2.892395319081493653e+03,8.553389259976806880e-01
2.892415750710119028e+03,8.578389741306859939e-01
2.892436182538862340e+03,8.601869054319080110e-01
2.892456614267946861e+03,8.662483539220707796e-01
2.892477045897270727e+03,8.847650604597331325e-01
2.892640499840694247e+03,9.896638285708904137e-01
2.892660931672231527e+03,9.906807840871103554e-01
2.892681363304116530e+03,9.917297970611856917e-01
2.892701795036111434e+03,9.931264590366361000e-01
2.892722226768462860e+03,9.943291101351736661e-01
2.892742658501047117e+03,9.964971747800255297e-01
2.892763090333857690e+03,9.963975568014785678e-01
2.892783522066907608e+03,9.980973864352773450e-01
2.892803953700189595e+03,9.992518465336989175e-01
2.892824385533815075e+03,1.000690540812097407e+00
2.892844817267563485e+03,1.002456101411094647e+00
2.892885680735984351e+03,1.009765472157706290e+00
2.892906112470547669e+03,1.011780909607784107e+00
2.892926544105459470e+03,1.013434579984260342e+00
2.892946975940481934e+03,1.014551010796937991e+00
2.892967407675860159e+03,1.016316576430100316e+00
2.892987839511464699e+03,1.017339853888679091e+00
2.893008271147307823e+03,1.018390143636404011e+00
2.893028702883384540e+03,1.019380359081301979e+00
2.893049134719803988e+03,1.019348895586474457e+00
2.893069566356345604e+03,1.019629936103253920e+00
2.893089998093237227e+03,1.020507564646207843e+00
2.893110429930355167e+03,1.020355586966205985e+00
2.893130861567828106e+03,1.019930464504930523e+00
2.893151293305418221e+03,1.019779945501204876e+00
2.893171725143351068e+03,1.018853591483585674e+00
2.893192156781522499e+03,1.017597852918662005e+00
2.893212588619928283e+03,1.016453271910169320e+00
2.893233020358558861e+03,1.015650217772375408e+00
2.893253452097545960e+03,1.014868419942932976e+00
2.893273883836649475e+03,1.016031804427684593e+00
2.893294315576094959e+03,1.015404884154717191e+00
2.893314747315780551e+03,1.015138343995379389e+00
2.893335179055815388e+03,1.014923887453636819e+00
2.893376042536459863e+03,1.012960820235005333e+00
2.893396474277193192e+03,1.012107998953177823e+00
2.893416906018268492e+03,1.009962367817794249e+00
2.893437337759467482e+03,9.998200672946919720e-01
2.893457769501015719e+03,9.864210374388875380e-01
2.893478201242789510e+03,9.744327689428323724e-01
2.893498633084804169e+03,9.678310289185003690e-01
2.893519064727050136e+03,9.663141871594861376e-01
2.893559928312468401e+03,9.637526012035337875e-01
2.893948131575991283e+03,1.007218825536609685e+00
